clause: (#f ((26 27 38 39 42 43 48) (26 38 39 42 43 48 61) (1 26 38 39 42 43 48) (26 38 39 42 43 48 73) (26 28 38 39 42 43 47) (26 28 29 38 39 42 43) (26 28 38 39 42 43 49) (13 26 28 38 39 42 43) (26 28 38 39 42 43 61) (1 26 28 38 39 42 43) (26 28 38 39 42 43 73) (26 38 39 42 43 47 74) (26 27 38 39 42 43 74) (26 38 39 42 43 61 74) (1 26 38 39 42 43 74) (26 38 39 42 43 74 75) (27 38 39 42 43 46 47) (26 38 39 42 43 46 47) (26 27 39 42 43 46 47) (26 27 38 42 43 46 47) (26 27 38 39 43 46 47) (26 27 38 39 42 46 47) (26 27 38 39 42 43 47) (26 27 38 39 42 43 46)))


clause: (#f ((1 4 38 39 42 43 46)))


clause: (#f ((1 38 39 42 43 46 47) (1 25 38 39 42 43 46) (1 38 39 42 43 46 49) (1 13 38 39 42 43 46) (1 5 38 39 42 43 46)))


clause: (#f ((13 16 38 39 42 43 46)))


clause: (#f ((13 38 39 42 43 46 50) (1 38 39 42 43 46 50)))


clause: (#f ((25 38 39 42 43 46 74) (13 38 39 42 43 46 74) (1 38 39 42 43 46 74) (26 38 39 42 43 45 74)))


clause: (#f ((25 38 39 42 43 46 62) (13 38 39 42 43 46 62) (1 38 39 42 43 46 62)))


clause: (#f ((38 39 42 43 46 25 28)))


clause: (#f ((38 39 42 43 46 5 17 16 51 75 63 29 28 3 15 73 1 61 49 47 27)))


clause: (#f ((38 39 42 43 46 5 17 51 75 63 29 28 48 3 15 73 61 13 49 27)))


clause: (#f ((38 39 42 43 46 13 5 4 17 51 74 63 29 28 48 3 15 73 61 49 47 27) (38 39 42 43 46 13 5 4 17 51 75 62 29 28 48 3 61 49 47 27) (38 39 42 43 46 13 5 4 17 51 75 63 29 28 48 3 15 73 61 49 47 27) (38 39 42 43 46 13 74 63 15 73)))


clause: (#f ((38 39 42 43 46 13 5 4 17 51 74 62 29 28 48 3 61 49 47 27) (38 39 42 43 46 13 63 15 73)))


clause: (#f ((38 39 42 43 46 13 16 74) (38 39 42 43 46 13 16 62)))


clause: (#f ((38 39 42 43 46 13 16 74 62) (38 39 42 43 46 13 16 74 62)))


clause: (#f ((38 39 42 43 46 13 50 74) (38 39 42 43 46 13 50 47) (38 39 42 43 46 13 50 16)))


clause: (#f ((38 39 42 43 46 13 50 62)))


clause: (#f ((38 39 42 43 46 13 50 5 4 17 75 63 29 28 48 3 49 47 27) (38 39 42 43 46 13 50 74 62 49) (38 39 42 43 46 13 50 74 62 61)))


clause: (#f ((38 39 42 43 46 13 50 5 4 17 74 63 29 28 48 3 61 49 47 27) (38 39 42 43 46 13 50 5 4 17 75 62 29 28 48 3 61 49 47 27) (38 39 42 43 46 13 50 5 4 17 74 62 29 28 48 3 61 49 47 27) (38 39 42 43 46 13 50 75 62)))


clause: (#f ((38 39 42 43 46 13 50 16 74) (38 39 42 43 46 13 50 16 62)))


clause: (#f ((38 39 42 43 46 13 50 16 74 62) (38 39 42 43 46 13 50 16 74 62)))


clause: (#f ((38 39 42 43 46 1 5 17 16 51 75 63 29 28 48 15 61 47 27)))


clause: (#f ((38 39 42 43 46 1 4 17 16 51 75 63 29 28 48 15 73 61 27) (38 39 42 43 46 1 5 17 16 75 63 50 29 28 48 15 73 61 49 27) (38 39 42 43 46 1 5 17 16 51 74 63 29 28 48 15 73 61 49 27) (38 39 42 43 46 1 5 17 16 51 75 62 29 28 48 15 73 61 49 27)))


clause: (#f ((38 39 42 43 46 1 5 17 16 51 74 63 29 28 48 15 73 61 49 47 27) (38 39 42 43 46 1 75)))


clause: (#f ((38 39 42 43 46 1 4 74) (38 39 42 43 46 1 4 74)))


clause: (#f ((38 39 42 43 46 1 4 17 16 51 74 63 29 28 48 15 73 61 27)))


clause: (#f ((38 39 42 43 46 1 62 74) (38 39 42 43 46 1 62 47) (38 39 42 43 46 1 62 4)))


clause: (#f ((38 39 42 43 46 1 5 17 16 51 75 62 29 28 48 15 61 47 27)))


clause: (#f ((38 39 42 43 46 1 5 17 16 51 74 62 29 28 48 15 73 61 49 27) (38 39 42 43 46 1 4 17 16 51 75 62 29 28 48 15 73 61 27)))


clause: (#f ((38 39 42 43 46 1 62 5 17 16 51 74 29 28 48 15 73 61 49 47 27) (38 39 42 43 46 1 62 75)))


clause: (#f ((38 39 42 43 46 1 62 4 74) (38 39 42 43 46 1 62 4 74)))


clause: (#f ((38 39 42 43 46 1 4 17 16 51 74 62 29 28 48 15 73 61 27)))


clause: (#f ((38 39 42 43 46 1 50 74) (38 39 42 43 46 1 50 62)))


clause: (#f ((38 39 42 43 46 1 5 17 16 74 63 50 29 28 48 15 73 61 49 27) (38 39 42 43 46 1 5 17 16 75 62 50 29 28 48 15 73 61 49 27)))


clause: (#f ((38 39 42 43 46 1 50 4)))


clause: (#f ((38 39 42 43 46 1 4 17 16 75 63 50 29 28 48 15 73 61 27)))


clause: (#f ((38 39 42 43 46 1 50 5 17 16 75 63 29 28 48 15 73 61 49 47 27) (38 39 42 43 46 1 50 5 17 16 74 63 29 28 48 15 73 61 49 47 27) (38 39 42 43 46 1 50 74)))


clause: (#f ((38 39 42 43 46 1 50 4 74) (38 39 42 43 46 1 50 4 74)))


clause: (#f ((38 39 42 43 46 1 4 17 16 74 63 50 29 28 48 15 73 61 27)))


clause: (#f ((38 39 42 43 46 1 50 62 74) (38 39 42 43 46 1 50 62 47) (38 39 42 43 46 1 50 62 4)))


clause: (#f ((38 39 42 43 46 1 5 17 16 75 62 50 29 28 48 15 61 47 27)))


clause: (#f ((38 39 42 43 46 1 5 17 16 74 62 50 29 28 48 15 73 61 49 27) (38 39 42 43 46 1 4 17 16 75 62 50 29 28 48 15 73 61 27)))


clause: (#f ((38 39 42 43 46 1 50 62 5 17 16 74 29 28 48 15 73 61 49 47 27) (38 39 42 43 46 1 50 62 75)))


clause: (#f ((38 39 42 43 46 1 50 62 4 74) (38 39 42 43 46 1 50 62 4 74)))


clause: (#f ((38 39 42 43 46 1 4 17 16 74 62 50 29 28 48 15 73 61 27)))


clause: (#f ((38 39 42 43 46 1 3 4) (38 39 42 43 46 1 3 4)))


clause: (#f ((38 39 42 43 46 1 13 5 17 51 75 63 29 28 3 15 73 61 49 47 27) (38 39 42 43 46 1 13 4 16 74 62 50 48)))


clause: (#f (intersection (45 5 17 51 75 63 29 28 3 25 2 15 14 73 61 49 47 27 26)))


clause: (#f ((38 39 42 43 46 25 13)))


clause: (#f ((38 39 42 43 46 25 5 4 17 16 51 75 63 50 29 3 15 27)))


clause: (#f ((38 39 42 43 46 25 5 4 17 16 51 74 63 50 29 3 15 47) (38 39 42 43 46 25 5 4 17 16 51 75 62 50 29 3 15 47) (38 39 42 43 46 25 5 4 17 51 75 63 29 3 15 73 61 13 47 27) (38 39 42 43 46 25 5 4 17 16 51 75 63 50 29 3 15 47 27)))


clause: (#f ((38 39 42 43 46 25 5 4 17 16 51 74 63 50 29 3 15 49 47) (38 39 42 43 46 25 5 4 17 16 51 75 62 50 29 3 15 49 47) (38 39 42 43 46 25 5 4 17 16 51 75 63 50 29 3 15 49 47 27)))


clause: (#f ((38 39 42 43 46 25 5 4 17 16 51 75 63 29 3 15 73 61 49 47 27)))


clause: (#f ((38 39 42 43 46 25 74 62) (38 39 42 43 46 25 74 62)))


clause: (#f ((38 39 42 43 46 25 5 4 17 16 51 74 62 50 29 3 15 47)))


clause: (#f ((38 39 42 43 46 25 5 4 17 16 51 74 62 50 29 3 15 49 47)))


clause: (#f ((38 39 42 43 46 25 74 5 4 17 16 51 63 29 3 15 73 61 49 47) (38 39 42 43 46 25 74)))


clause: (#f ((38 39 42 43 46 25 13 1) (38 39 42 43 46 25 13 1)))


clause: (#f ((38 39 42 43 46 25 28 74) (38 39 42 43 46 25 28 62)))


clause: (#f ((38 39 42 43 46 25 28 74 62) (38 39 42 43 46 25 28 74 62)))


clause: (#f ((38 39 42 43 46 25 48 73)))


clause: (#f ((38 39 42 43 46 25 48 5 4 17 16 51 75 63 29 3 15 73 47 27)))


clause: (#f ((38 39 42 43 46 25 48 74 5 4 17 16 51 63 29 3 15 73 47) (38 39 42 43 46 25 48 74)))


clause: (#f ((38 39 42 43 46 2 25 62) (38 39 42 43 46 2 25 74)))


clause: (#f ((38 39 42 43 46 2 5 4 17 16 51 75 62 50 29 48 15 27) (38 39 42 43 46 2 5 4 17 16 51 74 63 50 29 48 15 27)))


clause: (#f ((38 39 42 43 46 2 25 28)))


clause: (#f ((38 39 42 43 46 2 13 5 4 17 51 74 62 29 28 48 3 61 49 27)))


clause: (#f ((38 39 42 43 46 2 1 5 17 16 51 75 63 29 28 48 15 73 61 49 27)))


clause: (#f ((38 39 42 43 46 2 1 5 17 16 51 75 63 29 28 3 15 73 61 49 27)))


clause: (#f ((38 39 42 43 46 2 47 13 74) (38 39 42 43 46 2 47 1 74)))


clause: (#f ((38 39 42 43 46 2 47 13 50) (38 39 42 43 46 2 47 13 62)))


clause: (#f ((38 39 42 43 46 2 47 1 13)))


clause: (#f ((38 39 42 43 46 2 47 5 4 17 75 63 50 29 28 48 15 27) (38 39 42 43 46 2 47 5 4 17 51 75 62 29 28 48 15 27) (38 39 42 43 46 2 47 51 74 62 15 1) (38 39 42 43 46 2 47 16 74 62 15 1) (38 39 42 43 46 2 47 16 51 62 15 1) (38 39 42 43 46 2 47 16 51 74 15 1) (38 39 42 43 46 2 47 16 51 74 62 1)))


clause: (#f ((38 39 42 43 46 2 47 5 17 51 75 63 29 28 48 15 13 27)))


clause: (#f ((38 39 42 43 46 2 47 13 5 4 17 51 74 62 29 28 48 27) (38 39 42 43 46 2 47 13 63 15)))


clause: (#f ((38 39 42 43 46 2 47 13 50 74) (38 39 42 43 46 2 47 13 50 62)))


clause: (#f ((38 39 42 43 46 2 47 13 50 74 62) (38 39 42 43 46 2 47 13 50 74 62)))


clause: (#f ((38 39 42 43 46 2 47 1 50 74) (38 39 42 43 46 2 47 1 50 63)))


clause: (#f ((38 39 42 43 46 2 47 1 50 74 62) (38 39 42 43 46 2 47 1 50 74 62)))


clause: (#f ((38 39 42 43 46 2 25 1)))


clause: (#f ((38 39 42 43 46 2 25 5 4 17 16 51 75 63 50 29 15 27)))


clause: (#f ((38 39 42 43 46 2 25 5 4 17 16 51 75 62 50 29 15 61) (38 39 42 43 46 2 25 5 4 17 16 51 74 63 50 29 15 61) (38 39 42 43 46 2 25 5 4 17 16 51 75 63 50 29 15 61 27)))


clause: (#f ((38 39 42 43 46 2 25 74 62) (38 39 42 43 46 2 25 74 62)))


clause: (#f ((38 39 42 43 46 2 25 5 4 17 16 51 74 62 50 29 15 61)))


clause: (#f ((38 39 42 43 46 2 25 28 74) (38 39 42 43 46 2 25 28 62)))


clause: (#f ((38 39 42 43 46 2 25 28 74 62) (38 39 42 43 46 2 25 28 74 62)))


clause: (#f ((38 39 42 43 46 14 1 13)))


clause: (#f ((38 39 42 43 46 14 25 5 4 17 16 51 75 63 29 3 15 73 61 27)))


clause: (#f ((38 39 42 43 46 14 25 5 4 17 16 51 74 63 50 29 3 15 61) (38 39 42 43 46 14 25 5 4 17 16 51 75 62 50 29 3 15 61) (38 39 42 43 46 14 25 5 4 17 16 51 75 63 50 29 3 15 61 27) (38 39 42 43 46 14 25 5 4 17 16 51 74 62 50 29 3 15 61)))


clause: (#f ((38 39 42 43 46 14 25 74 73) (38 39 42 43 46 14 25 74 73)))


clause: (#f ((38 39 42 43 46 14 25 5 4 17 16 51 74 63 29 3 15 73 61)))


clause: (#f ((38 39 42 43 46 14 47 25 62) (38 39 42 43 46 14 47 25 74)))


clause: (#f ((38 39 42 43 46 14 47 13 25)))


clause: (#f ((38 39 42 43 46 14 47 5 4 17 51 75 62 29 28 48 3 13 27) (38 39 42 43 46 14 47 5 4 17 51 74 62 29 28 48 3 13 27) (38 39 42 43 46 14 47 5 4 17 74 63 50 29 28 48 3 13 27) (38 39 42 43 46 14 47 5 4 17 75 62 50 29 28 48 3 13 27) (38 39 42 43 46 14 47 5 4 17 74 62 50 29 28 48 3 13 27)))


clause: (#f ((38 39 42 43 46 14 47 5 4 17 51 75 63 29 48 3 13 27) (38 39 42 43 46 14 47 16 74 62 50 48) (38 39 42 43 46 14 47 16 74 62 50 28)))


clause: (#f ((38 39 42 43 46 14 47 13 5 4 17 51 74 63 29 28 48 3 27) (38 39 42 43 46 14 47 13 75 62)))


clause: (#f ((38 39 42 43 46 14 47 25 5 4 17 51 75 63 29 48 3 27) (38 39 42 43 46 14 47 25 74 62 50 48) (38 39 42 43 46 14 47 25 16 74 62 48) (38 39 42 43 46 14 47 25 16 74 62 50)))


clause: (#f ((38 39 42 43 46 14 47 2 50 51) (38 39 42 43 46 14 47 2 16) (38 39 42 43 46 14 47 2 62 63) (38 39 42 43 46 14 47 2 74 75)))


clause: (#f ((38 39 42 43 46 14 47 2 13 5 4 17 51 75 63 29 28 48 27) (38 39 42 43 46 14 47 2 13 5 4 17 51 74 63 29 28 48 27) (38 39 42 43 46 14 47 2 13 74 62)))


clause: (#f ((38 39 42 43 46 26 1 4)))


clause: (#f ((38 39 42 43 46 26 1 25) (38 39 42 43 46 26 1 49) (38 39 42 43 46 26 1 5)))


clause: (#f ((38 39 42 43 46 26 13 16)))


clause: (#f ((38 39 42 43 46 26 13 25) (38 39 42 43 46 26 13 49) (38 39 42 43 46 26 13 17) (38 39 42 43 46 26 13 61)))


clause: (#f ((38 39 42 43 46 26 13 50) (38 39 42 43 46 26 1 50)))


clause: (#f ((38 39 42 43 46 26 5 4 17 16 51 75 63 29 25 2 15 61) (38 39 42 43 46 26 5 4 17 16 51 75 63 29 25 15 61 49) (38 39 42 43 46 26 5 4 17 16 75 63 50 29 2 15 14 61 49)))


clause: (#f ((38 39 42 43 46 26 5 4 17 75 63 50 29 48 3 2 15 14 49)))


clause: (#f ((38 39 42 43 46 26 5 4 17 16 51 75 63 29 3 25 15 14 61)))


clause: (#f ((38 39 42 43 46 26 25 73)))


clause: (#f ((38 39 42 43 46 26 5 4 17 16 51 74 63 50 29 48 3 2 15 14) (38 39 42 43 46 26 5 4 17 16 51 74 62 50 29 48 3 2 15 14) (38 39 42 43 46 26 5 4 17 16 51 74 63 50 28 48 3 2 15 14) (38 39 42 43 46 26 5 4 17 16 51 75 62 50 28 48 3 2 15 14) (38 39 42 43 46 26 5 4 17 16 51 74 62 50 28 48 3 2 15 14) (38 39 42 43 46 26 62 28 2 73 61 49) (38 39 42 43 46 26 75 28 2 73 61 49) (38 39 42 43 46 26 75 62 2 73 61 49) (38 39 42 43 46 26 75 62 28 73 61 49) (38 39 42 43 46 26 75 62 28 2 61 49) (38 39 42 43 46 26 75 62 28 2 73 49) (38 39 42 43 46 26 75 62 28 2 73 61)))


clause: (#f ((38 39 42 43 46 26 5 4 17 51 75 63 29 3 2 15 14 61 13)))


clause: (#f ((38 39 42 43 46 26 5 4 17 51 75 63 29 48 3 2 15 14 61 13 49)))


clause: (#f ((38 39 42 43 46 26 13 74)))


clause: (#f ((38 39 42 43 46 26 5 4 16 51 75 63 29 28 48 3 2 15 14 13) (38 39 42 43 46 26 5 4 17 75 63 50 29 28 48 3 2 14 13 49) (38 39 42 43 46 26 5 4 17 51 74 63 29 28 48 3 2 15 14 13 49)))


clause: (#f ((38 39 42 43 46 26 13 62)))


clause: (#f ((38 39 42 43 46 26 5 4 17 51 75 62 29 28 48 3 2 14 13 49)))


clause: (#f ((38 39 42 43 46 26 13 74 62) (38 39 42 43 46 26 13 74 62)))


clause: (#f ((38 39 42 43 46 26 5 4 17 51 74 62 29 28 48 3 2 14 13 49)))


clause: (#f ((38 39 42 43 46 26 13 16 74) (38 39 42 43 46 26 13 16 62)))


clause: (#f ((38 39 42 43 46 26 5 4 16 51 74 63 29 28 48 3 2 15 14 13) (38 39 42 43 46 26 5 4 16 51 75 62 29 28 48 3 2 14 13)))


clause: (#f ((38 39 42 43 46 26 13 16 74 62) (38 39 42 43 46 26 13 16 74 62)))


clause: (#f ((38 39 42 43 46 26 5 4 16 51 74 62 29 28 48 3 2 14 13)))


clause: (#f ((38 39 42 43 46 26 13 50 74) (38 39 42 43 46 26 13 50 16)))


clause: (#f ((38 39 42 43 46 26 5 4 17 74 63 50 29 28 48 3 2 14 13 49) (38 39 42 43 46 26 5 4 16 75 63 50 29 28 48 3 2 14 13)))


clause: (#f ((38 39 42 43 46 26 13 50 62)))


clause: (#f ((38 39 42 43 46 26 5 4 17 75 62 50 29 28 48 3 2 14 13 49)))


clause: (#f ((38 39 42 43 46 26 13 50 74 62) (38 39 42 43 46 26 13 50 74 62)))


clause: (#f ((38 39 42 43 46 26 5 4 17 74 62 50 29 28 48 3 2 14 13 49)))


clause: (#f ((38 39 42 43 46 26 13 50 16 74) (38 39 42 43 46 26 13 50 16 62)))


clause: (#f ((38 39 42 43 46 26 5 4 16 74 63 50 29 28 48 3 2 14 13) (38 39 42 43 46 26 5 4 16 75 62 50 29 28 48 3 2 14 13)))


clause: (#f ((38 39 42 43 46 26 13 50 16 74 62) (38 39 42 43 46 26 13 50 16 74 62)))


clause: (#f ((38 39 42 43 46 26 5 4 16 74 62 50 29 28 48 3 2 14 13)))


clause: (#f ((38 39 42 43 46 26 25 5 4 17 16 51 74 63 50 29 3 15 14 61) (38 39 42 43 46 26 25 5 4 17 16 51 74 62 50 29 3 15 14 61) (38 39 42 43 46 26 25 5 4 17 16 51 74 63 50 29 2 15 14 61) (38 39 42 43 46 26 25 5 4 17 16 51 74 62 50 29 2 15 14 61)))


clause: (#f ((38 39 42 43 46 26 25 5 4 17 16 51 75 63 29 3 15 73 61 49) (38 39 42 43 46 26 25 5 4 17 16 51 74 63 29 3 15 61 49) (38 39 42 43 46 26 25 75 49) (38 39 42 43 46 26 25 75 73)))


clause: (#f ((38 39 42 43 46 26 25 74 5 4 17 16 51 63 29 3 15 73 61 49) (38 39 42 43 46 26 25 74)))


clause: (#f ((38 39 42 43 46 26 25 62 5 4 17 16 51 75 29 3 15 61 49) (38 39 42 43 46 26 25 62 5 4 17 16 51 74 29 3 15 61 49) (38 39 42 43 46 26 25 62 74)))


clause: (#f ((38 39 42 43 46 26 25 14 74 5 4 17 16 51 63 29 3 15 73 61) (38 39 42 43 46 26 25 14 74)))


clause: (#f ((38 39 42 43 46 26 25 13 49) (38 39 42 43 46 26 25 13 49)))


clause: (#f ((38 39 42 43 46 26 25 28 5 4 17 16 51 75 63 50 3 15 14) (38 39 42 43 46 26 25 28 5 4 17 16 51 75 63 50 2 15 14) (38 39 42 43 46 26 25 28 74 2)))


clause: (#f ((38 39 42 43 46 26 25 48 73)))


clause: (#f ((38 39 42 43 46 26 25 48 5 4 17 16 51 75 63 50 29 3 15 14) (38 39 42 43 46 26 25 48 5 4 17 16 51 75 63 50 29 2 15 14)))


clause: (#f ((38 39 42 43 46 26 25 48 74 5 4 17 16 51 63 29 3 15 14 73) (38 39 42 43 46 26 25 48 74)))


clause: (#f ((38 39 42 43 46 26 1 74)))


clause: (#f ((38 39 42 43 46 26 1 62)))


clause: (#f ((38 39 42 43 46 26 1 5 17 16 51 75 63 29 2 15 61 49) (38 39 42 43 46 26 1 4 74 62 50 48 14 49) (38 39 42 43 46 26 1 4 74 62 50 28 14 49) (38 39 42 43 46 26 1 4 74 62 50 28 48 49) (38 39 42 43 46 26 1 4 74 62 50 28 48 14)))


clause: (#f (intersection (45 5 17 16 51 75 63 29 28 3 25 2 15 73 61 13 47 27)))


clause: (#f (intersection (45 5 17 16 51 75 63 29 48 3 25 2 15 73 61 13 47 27)))


clause: (#f (intersection (45 5 17 16 51 75 63 29 3 25 2 15 14 73 61 13 47 27)))


clause: (#f ((38 39 42 43 46 26 1 4 17 16 51 75 63 29 48 2 15 14 61) (38 39 42 43 46 26 1 5 17 16 75 63 50 29 48 2 15 14 61 49) (38 39 42 43 46 26 1 5 17 16 51 75 62 29 48 2 15 14 61 49) (38 39 42 43 46 26 1 5 17 16 51 75 63 29 48 2 15 14 61 49) (38 39 42 43 46 26 1 5 74 62 50 48 49) (38 39 42 43 46 26 1 5 74 62 50 28 49)))


clause: (#f ((38 39 42 43 46 26 1 4 17 16 51 74 62 29 28 48 2 15 14 61) (38 39 42 43 46 26 1 5 17 16 51 74 62 29 28 48 2 15 14 61 49) (38 39 42 43 46 26 1 5 75 63 49)))


clause: (#f ((38 39 42 43 46 26 1 4 17 16 51 74 63 29 28 48 2 15 14 61) (38 39 42 43 46 26 1 5 75 49)))


clause: (#f ((38 39 42 43 46 26 1 62 4 75) (38 39 42 43 46 26 1 62 4 75)))


clause: (#f ((38 39 42 43 46 26 1 4 17 16 51 75 62 29 48 2 15 14 61) (38 39 42 43 46 26 1 5 74 63 50 48 49) (38 39 42 43 46 26 1 5 74 63 50 28 49)))


clause: (#f ((38 39 42 43 46 26 1 50 4 17 16 74 63 29 28 48 2 15 14 61) (38 39 42 43 46 26 1 50 5 75 49)))


clause: (#f ((38 39 42 43 46 26 1 50 4 75) (38 39 42 43 46 26 1 50 4 75)))


clause: (#f ((38 39 42 43 46 26 1 4 17 16 75 63 50 29 48 2 15 14 61) (38 39 42 43 46 26 1 5 51 74 62 48 49) (38 39 42 43 46 26 1 5 51 74 62 28 49)))


clause: 