(1 3 5 7 9 13 17 19 21 23).	 (23 22 21 20)
(1 3 5 7 11 13 17 19 21 23).	 (7 6 5 4)
(1 3 5 7 9 15 17 19 21 23).	 (31 30 29 28)
(1 3 5 7 11 15 17 19 21 23).	 (15 14 13 12)
(1 5 9 11 13 15 17 19 21 23).	 (55 54 53 52)
(3 5 9 11 13 15 17 19 21 23).	 (39 38 37 36)
(1 7 9 11 13 15 17 19 21 23).	 (63 62 61 60)
(3 7 9 11 13 15 17 19 21 23).	 (47 46 45 44)
(1 3 5 7 9 13 17 19 21 25).	 (21 20)
(1 3 5 7 11 13 17 19 21 25).	 (5 4)
(1 3 5 7 9 15 17 19 21 25).	 (29 28)
(1 3 5 7 11 15 17 19 21 25).	 (13 12)
(1 5 9 11 13 15 17 19 21 25).	 (53 52)
(3 5 9 11 13 15 17 19 21 25).	 (37 36)
(1 7 9 11 13 15 17 19 21 25).	 (61 60)
(3 7 9 11 13 15 17 19 21 25).	 (45 44)
(1 3 5 7 9 13 17 19 23 25).	 (21 20)
(1 3 5 7 11 13 17 19 23 25).	 (5 4)
(1 3 5 7 9 15 17 19 23 25).	 (29 28)
(1 3 5 7 11 15 17 19 23 25).	 (13 12)
(1 5 9 11 13 15 17 19 23 25).	 (53 52)
(3 5 9 11 13 15 17 19 23 25).	 (37 36)
(1 7 9 11 13 15 17 19 23 25).	 (61 60)
(3 7 9 11 13 15 17 19 23 25).	 (45 44)
(1 3 5 7 9 13 17 21 23 25).	 (21 20)
(1 3 5 7 11 13 17 21 23 25).	 (5 4)
(1 3 5 7 9 15 17 21 23 25).	 (29 28)
(1 3 5 7 11 15 17 21 23 25).	 (13 12)
(1 5 9 11 13 15 17 21 23 25).	 (53 52)
(3 5 9 11 13 15 17 21 23 25).	 (37 36)
(1 7 9 11 13 15 17 21 23 25).	 (61 60)
(3 7 9 11 13 15 17 21 23 25).	 (45 44)
(1 3 5 7 9 13 19 21 23 25).	 (21 20)
(1 3 5 7 11 13 19 21 23 25).	 (5 4)
(1 3 5 7 9 15 19 21 23 25).	 (29 28)
(1 3 5 7 11 15 19 21 23 25).	 (13 12)
(1 5 9 11 13 15 19 21 23 25).	 (53 52)
(3 5 9 11 13 15 19 21 23 25).	 (37 36)
(1 7 9 11 13 15 19 21 23 25).	 (61 60)
(3 7 9 11 13 15 19 21 23 25).	 (45 44)
(1 3 5 7 9 17 19 21 23 25).	 (29 28 21 20)
(1 3 5 7 11 17 19 21 23 25).	 (13 12 5 4)
(1 3 5 7 13 17 19 21 23 25).	 (21 20 5 4)
(1 3 5 9 13 17 19 21 23 25).	 (21 20)
(1 3 7 9 13 17 19 21 23 25).	 (21 20)
(1 5 7 9 13 17 19 21 23 25).	 (21 20)
(3 5 7 9 13 17 19 21 23 25).	 (21 20)
(1 3 5 11 13 17 19 21 23 25).	 (5 4)
(1 3 7 11 13 17 19 21 23 25).	 (5 4)
(1 5 7 11 13 17 19 21 23 25).	 (5 4)
(3 5 7 11 13 17 19 21 23 25).	 (5 4)
(1 5 9 11 13 17 19 21 23 25).	 (53 52)
(3 5 9 11 13 17 19 21 23 25).	 (37 36)
(1 7 9 11 13 17 19 21 23 25).	 (61 60)
(3 7 9 11 13 17 19 21 23 25).	 (45 44)
(1 3 5 7 15 17 19 21 23 25).	 (29 28 13 12)
(1 3 5 9 15 17 19 21 23 25).	 (29 28)
(1 3 7 9 15 17 19 21 23 25).	 (29 28)
(1 5 7 9 15 17 19 21 23 25).	 (29 28)
(3 5 7 9 15 17 19 21 23 25).	 (29 28)
(1 3 5 11 15 17 19 21 23 25).	 (13 12)
(1 3 7 11 15 17 19 21 23 25).	 (13 12)
(1 5 7 11 15 17 19 21 23 25).	 (13 12)
(3 5 7 11 15 17 19 21 23 25).	 (13 12)
(1 5 9 11 15 17 19 21 23 25).	 (53 52)
(3 5 9 11 15 17 19 21 23 25).	 (37 36)
(1 7 9 11 15 17 19 21 23 25).	 (61 60)
(3 7 9 11 15 17 19 21 23 25).	 (45 44)
(1 5 9 13 15 17 19 21 23 25).	 (53 52)
(3 5 9 13 15 17 19 21 23 25).	 (37 36)
(1 7 9 13 15 17 19 21 23 25).	 (61 60)
(3 7 9 13 15 17 19 21 23 25).	 (45 44)
(1 5 11 13 15 17 19 21 23 25).	 (53 52)
(3 5 11 13 15 17 19 21 23 25).	 (37 36)
(1 7 11 13 15 17 19 21 23 25).	 (61 60)
(3 7 11 13 15 17 19 21 23 25).	 (45 44)
(1 9 11 13 15 17 19 21 23 25).	 (61 60 53 52)
(3 9 11 13 15 17 19 21 23 25).	 (45 44 37 36)
(5 9 11 13 15 17 19 21 23 25).	 (53 52 37 36)
(7 9 11 13 15 17 19 21 23 25).	 (61 60 45 44)
(1 3 5 7 9 13 17 19 21 27).	 (23 22)
(1 3 5 7 11 13 17 19 21 27).	 (7 6)
(1 3 5 7 9 15 17 19 21 27).	 (31 30)
(1 3 5 7 11 15 17 19 21 27).	 (15 14)
(1 5 9 11 13 15 17 19 21 27).	 (55 54)
(3 5 9 11 13 15 17 19 21 27).	 (39 38)
(1 7 9 11 13 15 17 19 21 27).	 (63 62)
(3 7 9 11 13 15 17 19 21 27).	 (47 46)
(1 3 5 7 9 13 17 19 23 27).	 (23 22)
(1 3 5 7 11 13 17 19 23 27).	 (7 6)
(1 3 5 7 9 15 17 19 23 27).	 (31 30)
(1 3 5 7 11 15 17 19 23 27).	 (15 14)
(1 5 9 11 13 15 17 19 23 27).	 (55 54)
(3 5 9 11 13 15 17 19 23 27).	 (39 38)
(1 7 9 11 13 15 17 19 23 27).	 (63 62)
(3 7 9 11 13 15 17 19 23 27).	 (47 46)
(1 3 5 7 9 13 17 21 23 27).	 (23 22)
(1 3 5 7 11 13 17 21 23 27).	 (7 6)
(1 3 5 7 9 15 17 21 23 27).	 (31 30)
(1 3 5 7 11 15 17 21 23 27).	 (15 14)
(1 5 9 11 13 15 17 21 23 27).	 (55 54)
(3 5 9 11 13 15 17 21 23 27).	 (39 38)
(1 7 9 11 13 15 17 21 23 27).	 (63 62)
(3 7 9 11 13 15 17 21 23 27).	 (47 46)
(1 3 5 7 9 13 19 21 23 27).	 (23 22)
(1 3 5 7 11 13 19 21 23 27).	 (7 6)
(1 3 5 7 9 15 19 21 23 27).	 (31 30)
(1 3 5 7 11 15 19 21 23 27).	 (15 14)
(1 5 9 11 13 15 19 21 23 27).	 (55 54)
(3 5 9 11 13 15 19 21 23 27).	 (39 38)
(1 7 9 11 13 15 19 21 23 27).	 (63 62)
(3 7 9 11 13 15 19 21 23 27).	 (47 46)
(1 3 5 7 9 17 19 21 23 27).	 (31 30 23 22)
(1 3 5 7 11 17 19 21 23 27).	 (15 14 7 6)
(1 3 5 7 13 17 19 21 23 27).	 (23 22 7 6)
(1 3 5 9 13 17 19 21 23 27).	 (23 22)
(1 3 7 9 13 17 19 21 23 27).	 (23 22)
(1 5 7 9 13 17 19 21 23 27).	 (23 22)
(3 5 7 9 13 17 19 21 23 27).	 (23 22)
(1 3 5 11 13 17 19 21 23 27).	 (7 6)
(1 3 7 11 13 17 19 21 23 27).	 (7 6)
(1 5 7 11 13 17 19 21 23 27).	 (7 6)
(3 5 7 11 13 17 19 21 23 27).	 (7 6)
(1 5 9 11 13 17 19 21 23 27).	 (55 54)
(3 5 9 11 13 17 19 21 23 27).	 (39 38)
(1 7 9 11 13 17 19 21 23 27).	 (63 62)
(3 7 9 11 13 17 19 21 23 27).	 (47 46)
(1 3 5 7 15 17 19 21 23 27).	 (31 30 15 14)
(1 3 5 9 15 17 19 21 23 27).	 (31 30)
(1 3 7 9 15 17 19 21 23 27).	 (31 30)
(1 5 7 9 15 17 19 21 23 27).	 (31 30)
(3 5 7 9 15 17 19 21 23 27).	 (31 30)
(1 3 5 11 15 17 19 21 23 27).	 (15 14)
(1 3 7 11 15 17 19 21 23 27).	 (15 14)
(1 5 7 11 15 17 19 21 23 27).	 (15 14)
(3 5 7 11 15 17 19 21 23 27).	 (15 14)
(1 5 9 11 15 17 19 21 23 27).	 (55 54)
(3 5 9 11 15 17 19 21 23 27).	 (39 38)
(1 7 9 11 15 17 19 21 23 27).	 (63 62)
(3 7 9 11 15 17 19 21 23 27).	 (47 46)
(1 5 9 13 15 17 19 21 23 27).	 (55 54)
(3 5 9 13 15 17 19 21 23 27).	 (39 38)
(1 7 9 13 15 17 19 21 23 27).	 (63 62)
(3 7 9 13 15 17 19 21 23 27).	 (47 46)
(1 5 11 13 15 17 19 21 23 27).	 (55 54)
(3 5 11 13 15 17 19 21 23 27).	 (39 38)
(1 7 11 13 15 17 19 21 23 27).	 (63 62)
(3 7 11 13 15 17 19 21 23 27).	 (47 46)
(1 9 11 13 15 17 19 21 23 27).	 (63 62 55 54)
(3 9 11 13 15 17 19 21 23 27).	 (47 46 39 38)
(5 9 11 13 15 17 19 21 23 27).	 (55 54 39 38)
(7 9 11 13 15 17 19 21 23 27).	 (63 62 47 46)
(1 3 5 7 9 13 17 21 25 27).	 (17)
(1 3 5 7 11 13 17 21 25 27).	 (1)
(1 3 5 7 9 15 17 21 25 27).	 (25)
(1 3 5 7 11 15 17 21 25 27).	 (9)
(1 5 9 11 13 15 17 21 25 27).	 (49)
(3 5 9 11 13 15 17 21 25 27).	 (33)
(1 7 9 11 13 15 17 21 25 27).	 (57)
(3 7 9 11 13 15 17 21 25 27).	 (41)
(1 3 5 7 9 13 19 21 25 27).	 (19)
(1 3 5 7 11 13 19 21 25 27).	 (3)
(1 3 5 7 9 15 19 21 25 27).	 (27)
(1 3 5 7 11 15 19 21 25 27).	 (11)
(1 5 9 11 13 15 19 21 25 27).	 (51)
(3 5 9 11 13 15 19 21 25 27).	 (35)
(1 7 9 11 13 15 19 21 25 27).	 (59)
(3 7 9 11 13 15 19 21 25 27).	 (43)
(1 3 5 7 9 13 17 23 25 27).	 (16)
(1 3 5 7 11 13 17 23 25 27).	 (0)
(1 3 5 7 9 15 17 23 25 27).	 (24)
(1 3 5 7 11 15 17 23 25 27).	 (8)
(1 5 9 11 13 15 17 23 25 27).	 (48)
(3 5 9 11 13 15 17 23 25 27).	 (32)
(1 7 9 11 13 15 17 23 25 27).	 (56)
(3 7 9 11 13 15 17 23 25 27).	 (40)
(1 3 5 7 9 13 19 23 25 27).	 (18)
(1 3 5 7 11 13 19 23 25 27).	 (2)
(1 3 5 7 9 15 19 23 25 27).	 (26)
(1 3 5 7 11 15 19 23 25 27).	 (10)
(1 5 9 11 13 15 19 23 25 27).	 (50)
(3 5 9 11 13 15 19 23 25 27).	 (34)
(1 7 9 11 13 15 19 23 25 27).	 (58)
(3 7 9 11 13 15 19 23 25 27).	 (42)
(1 3 5 7 9 13 17 19 21 29).	 (23 21)
(1 3 5 7 11 13 17 19 21 29).	 (7 5)
(1 3 5 7 9 15 17 19 21 29).	 (31 29)
(1 3 5 7 11 15 17 19 21 29).	 (15 13)
(1 5 9 11 13 15 17 19 21 29).	 (55 53)
(3 5 9 11 13 15 17 19 21 29).	 (39 37)
(1 7 9 11 13 15 17 19 21 29).	 (63 61)
(3 7 9 11 13 15 17 19 21 29).	 (47 45)
(1 3 5 7 9 13 17 19 23 29).	 (23 21)
(1 3 5 7 11 13 17 19 23 29).	 (7 5)
(1 3 5 7 9 15 17 19 23 29).	 (31 29)
(1 3 5 7 11 15 17 19 23 29).	 (15 13)
(1 5 9 11 13 15 17 19 23 29).	 (55 53)
(3 5 9 11 13 15 17 19 23 29).	 (39 37)
(1 7 9 11 13 15 17 19 23 29).	 (63 61)
(3 7 9 11 13 15 17 19 23 29).	 (47 45)
(1 3 5 7 9 13 17 21 23 29).	 (23 21)
(1 3 5 7 11 13 17 21 23 29).	 (7 5)
(1 3 5 7 9 15 17 21 23 29).	 (31 29)
(1 3 5 7 11 15 17 21 23 29).	 (15 13)
(1 5 9 11 13 15 17 21 23 29).	 (55 53)
(3 5 9 11 13 15 17 21 23 29).	 (39 37)
(1 7 9 11 13 15 17 21 23 29).	 (63 61)
(3 7 9 11 13 15 17 21 23 29).	 (47 45)
(1 3 5 7 9 13 19 21 23 29).	 (23 21)
(1 3 5 7 11 13 19 21 23 29).	 (7 5)
(1 3 5 7 9 15 19 21 23 29).	 (31 29)
(1 3 5 7 11 15 19 21 23 29).	 (15 13)
(1 5 9 11 13 15 19 21 23 29).	 (55 53)
(3 5 9 11 13 15 19 21 23 29).	 (39 37)
(1 7 9 11 13 15 19 21 23 29).	 (63 61)
(3 7 9 11 13 15 19 21 23 29).	 (47 45)
(1 3 5 7 9 17 19 21 23 29).	 (31 29 23 21)
(1 3 5 7 11 17 19 21 23 29).	 (15 13 7 5)
(1 3 5 7 13 17 19 21 23 29).	 (23 21 7 5)
(1 3 5 9 13 17 19 21 23 29).	 (23 21)
(1 3 7 9 13 17 19 21 23 29).	 (23 21)
(1 5 7 9 13 17 19 21 23 29).	 (23 21)
(3 5 7 9 13 17 19 21 23 29).	 (23 21)
(1 3 5 11 13 17 19 21 23 29).	 (7 5)
(1 3 7 11 13 17 19 21 23 29).	 (7 5)
(1 5 7 11 13 17 19 21 23 29).	 (7 5)
(3 5 7 11 13 17 19 21 23 29).	 (7 5)
(1 5 9 11 13 17 19 21 23 29).	 (55 53)
(3 5 9 11 13 17 19 21 23 29).	 (39 37)
(1 7 9 11 13 17 19 21 23 29).	 (63 61)
(3 7 9 11 13 17 19 21 23 29).	 (47 45)
(1 3 5 7 15 17 19 21 23 29).	 (31 29 15 13)
(1 3 5 9 15 17 19 21 23 29).	 (31 29)
(1 3 7 9 15 17 19 21 23 29).	 (31 29)
(1 5 7 9 15 17 19 21 23 29).	 (31 29)
(3 5 7 9 15 17 19 21 23 29).	 (31 29)
(1 3 5 11 15 17 19 21 23 29).	 (15 13)
(1 3 7 11 15 17 19 21 23 29).	 (15 13)
(1 5 7 11 15 17 19 21 23 29).	 (15 13)
(3 5 7 11 15 17 19 21 23 29).	 (15 13)
(1 5 9 11 15 17 19 21 23 29).	 (55 53)
(3 5 9 11 15 17 19 21 23 29).	 (39 37)
(1 7 9 11 15 17 19 21 23 29).	 (63 61)
(3 7 9 11 15 17 19 21 23 29).	 (47 45)
(1 5 9 13 15 17 19 21 23 29).	 (55 53)
(3 5 9 13 15 17 19 21 23 29).	 (39 37)
(1 7 9 13 15 17 19 21 23 29).	 (63 61)
(3 7 9 13 15 17 19 21 23 29).	 (47 45)
(1 5 11 13 15 17 19 21 23 29).	 (55 53)
(3 5 11 13 15 17 19 21 23 29).	 (39 37)
(1 7 11 13 15 17 19 21 23 29).	 (63 61)
(3 7 11 13 15 17 19 21 23 29).	 (47 45)
(1 9 11 13 15 17 19 21 23 29).	 (63 61 55 53)
(3 9 11 13 15 17 19 21 23 29).	 (47 45 39 37)
(5 9 11 13 15 17 19 21 23 29).	 (55 53 39 37)
(7 9 11 13 15 17 19 21 23 29).	 (63 61 47 45)
(1 3 5 7 9 13 17 19 25 29).	 (21)
(1 3 5 7 11 13 17 19 25 29).	 (5)
(1 3 5 7 9 15 17 19 25 29).	 (29)
(1 3 5 7 11 15 17 19 25 29).	 (13)
(1 5 9 11 13 15 17 19 25 29).	 (53)
(3 5 9 11 13 15 17 19 25 29).	 (37)
(1 7 9 11 13 15 17 19 25 29).	 (61)
(3 7 9 11 13 15 17 19 25 29).	 (45)
(1 3 5 7 9 13 17 21 25 29).	 (21 17)
(1 3 5 7 11 13 17 21 25 29).	 (5 1)
(1 3 5 7 9 15 17 21 25 29).	 (29 25)
(1 3 5 7 11 15 17 21 25 29).	 (13 9)
(1 5 9 11 13 15 17 21 25 29).	 (53 49)
(3 5 9 11 13 15 17 21 25 29).	 (37 33)
(1 7 9 11 13 15 17 21 25 29).	 (61 57)
(3 7 9 11 13 15 17 21 25 29).	 (45 41)
(1 3 5 7 9 13 19 21 25 29).	 (21 19)
(1 3 5 7 11 13 19 21 25 29).	 (5 3)
(1 3 5 7 9 15 19 21 25 29).	 (29 27)
(1 3 5 7 11 15 19 21 25 29).	 (13 11)
(1 5 9 11 13 15 19 21 25 29).	 (53 51)
(3 5 9 11 13 15 19 21 25 29).	 (37 35)
(1 7 9 11 13 15 19 21 25 29).	 (61 59)
(3 7 9 11 13 15 19 21 25 29).	 (45 43)
(1 3 5 7 9 17 19 21 25 29).	 (29 21)
(1 3 5 7 11 17 19 21 25 29).	 (13 5)
(1 3 5 7 13 17 19 21 25 29).	 (21 5)
(1 3 5 9 13 17 19 21 25 29).	 (21)
(1 3 7 9 13 17 19 21 25 29).	 (21)
(1 5 7 9 13 17 19 21 25 29).	 (21)
(3 5 7 9 13 17 19 21 25 29).	 (21)
(1 3 5 11 13 17 19 21 25 29).	 (5)
(1 3 7 11 13 17 19 21 25 29).	 (5)
(1 5 7 11 13 17 19 21 25 29).	 (5)
(3 5 7 11 13 17 19 21 25 29).	 (5)
(1 5 9 11 13 17 19 21 25 29).	 (53)
(3 5 9 11 13 17 19 21 25 29).	 (37)
(1 7 9 11 13 17 19 21 25 29).	 (61)
(3 7 9 11 13 17 19 21 25 29).	 (45)
(1 3 5 7 15 17 19 21 25 29).	 (29 13)
(1 3 5 9 15 17 19 21 25 29).	 (29)
(1 3 7 9 15 17 19 21 25 29).	 (29)
(1 5 7 9 15 17 19 21 25 29).	 (29)
(3 5 7 9 15 17 19 21 25 29).	 (29)
(1 3 5 11 15 17 19 21 25 29).	 (13)
(1 3 7 11 15 17 19 21 25 29).	 (13)
(1 5 7 11 15 17 19 21 25 29).	 (13)
(3 5 7 11 15 17 19 21 25 29).	 (13)
(1 5 9 11 15 17 19 21 25 29).	 (53)
(3 5 9 11 15 17 19 21 25 29).	 (37)
(1 7 9 11 15 17 19 21 25 29).	 (61)
(3 7 9 11 15 17 19 21 25 29).	 (45)
(1 5 9 13 15 17 19 21 25 29).	 (53)
(3 5 9 13 15 17 19 21 25 29).	 (37)
(1 7 9 13 15 17 19 21 25 29).	 (61)
(3 7 9 13 15 17 19 21 25 29).	 (45)
(1 5 11 13 15 17 19 21 25 29).	 (53)
(3 5 11 13 15 17 19 21 25 29).	 (37)
(1 7 11 13 15 17 19 21 25 29).	 (61)
(3 7 11 13 15 17 19 21 25 29).	 (45)
(1 9 11 13 15 17 19 21 25 29).	 (61 53)
(3 9 11 13 15 17 19 21 25 29).	 (45 37)
(5 9 11 13 15 17 19 21 25 29).	 (53 37)
(7 9 11 13 15 17 19 21 25 29).	 (61 45)
(1 3 5 7 9 13 17 23 25 29).	 (21 16)
(1 3 5 7 11 13 17 23 25 29).	 (5 0)
(1 3 5 7 9 15 17 23 25 29).	 (29 24)
(1 3 5 7 11 15 17 23 25 29).	 (13 8)
(1 5 9 11 13 15 17 23 25 29).	 (53 48)
(3 5 9 11 13 15 17 23 25 29).	 (37 32)
(1 7 9 11 13 15 17 23 25 29).	 (61 56)
(3 7 9 11 13 15 17 23 25 29).	 (45 40)
(1 3 5 7 9 13 19 23 25 29).	 (21 18)
(1 3 5 7 11 13 19 23 25 29).	 (5 2)
(1 3 5 7 9 15 19 23 25 29).	 (29 26)
(1 3 5 7 11 15 19 23 25 29).	 (13 10)
(1 5 9 11 13 15 19 23 25 29).	 (53 50)
(3 5 9 11 13 15 19 23 25 29).	 (37 34)
(1 7 9 11 13 15 19 23 25 29).	 (61 58)
(3 7 9 11 13 15 19 23 25 29).	 (45 42)
(1 3 5 7 9 17 19 23 25 29).	 (29 21)
(1 3 5 7 11 17 19 23 25 29).	 (13 5)
(1 3 5 7 13 17 19 23 25 29).	 (21 5)
(1 3 5 9 13 17 19 23 25 29).	 (21)
(1 3 7 9 13 17 19 23 25 29).	 (21)
(1 5 7 9 13 17 19 23 25 29).	 (21)
(3 5 7 9 13 17 19 23 25 29).	 (21)
(1 3 5 11 13 17 19 23 25 29).	 (5)
(1 3 7 11 13 17 19 23 25 29).	 (5)
(1 5 7 11 13 17 19 23 25 29).	 (5)
(3 5 7 11 13 17 19 23 25 29).	 (5)
(1 5 9 11 13 17 19 23 25 29).	 (53)
(3 5 9 11 13 17 19 23 25 29).	 (37)
(1 7 9 11 13 17 19 23 25 29).	 (61)
(3 7 9 11 13 17 19 23 25 29).	 (45)
(1 3 5 7 15 17 19 23 25 29).	 (29 13)
(1 3 5 9 15 17 19 23 25 29).	 (29)
(1 3 7 9 15 17 19 23 25 29).	 (29)
(1 5 7 9 15 17 19 23 25 29).	 (29)
(3 5 7 9 15 17 19 23 25 29).	 (29)
(1 3 5 11 15 17 19 23 25 29).	 (13)
(1 3 7 11 15 17 19 23 25 29).	 (13)
(1 5 7 11 15 17 19 23 25 29).	 (13)
(3 5 7 11 15 17 19 23 25 29).	 (13)
(1 5 9 11 15 17 19 23 25 29).	 (53)
(3 5 9 11 15 17 19 23 25 29).	 (37)
(1 7 9 11 15 17 19 23 25 29).	 (61)
(3 7 9 11 15 17 19 23 25 29).	 (45)
(1 5 9 13 15 17 19 23 25 29).	 (53)
(3 5 9 13 15 17 19 23 25 29).	 (37)
(1 7 9 13 15 17 19 23 25 29).	 (61)
(3 7 9 13 15 17 19 23 25 29).	 (45)
(1 5 11 13 15 17 19 23 25 29).	 (53)
(3 5 11 13 15 17 19 23 25 29).	 (37)
(1 7 11 13 15 17 19 23 25 29).	 (61)
(3 7 11 13 15 17 19 23 25 29).	 (45)
(1 9 11 13 15 17 19 23 25 29).	 (61 53)
(3 9 11 13 15 17 19 23 25 29).	 (45 37)
(5 9 11 13 15 17 19 23 25 29).	 (53 37)
(7 9 11 13 15 17 19 23 25 29).	 (61 45)
(1 3 5 7 9 13 21 23 25 29).	 (21)
(1 3 5 7 11 13 21 23 25 29).	 (5)
(1 3 5 7 9 15 21 23 25 29).	 (29)
(1 3 5 7 11 15 21 23 25 29).	 (13)
(1 5 9 11 13 15 21 23 25 29).	 (53)
(3 5 9 11 13 15 21 23 25 29).	 (37)
(1 7 9 11 13 15 21 23 25 29).	 (61)
(3 7 9 11 13 15 21 23 25 29).	 (45)
(1 3 5 7 9 17 21 23 25 29).	 (29 21)
(1 3 5 7 11 17 21 23 25 29).	 (13 5)
(1 3 5 7 13 17 21 23 25 29).	 (21 5)
(1 3 5 9 13 17 21 23 25 29).	 (21)
(1 3 7 9 13 17 21 23 25 29).	 (21)
(1 5 7 9 13 17 21 23 25 29).	 (21)
(3 5 7 9 13 17 21 23 25 29).	 (21)
(1 3 5 11 13 17 21 23 25 29).	 (5)
(1 3 7 11 13 17 21 23 25 29).	 (5)
(1 5 7 11 13 17 21 23 25 29).	 (5)
(3 5 7 11 13 17 21 23 25 29).	 (5)
(1 5 9 11 13 17 21 23 25 29).	 (53)
(3 5 9 11 13 17 21 23 25 29).	 (37)
(1 7 9 11 13 17 21 23 25 29).	 (61)
(3 7 9 11 13 17 21 23 25 29).	 (45)
(1 3 5 7 15 17 21 23 25 29).	 (29 13)
(1 3 5 9 15 17 21 23 25 29).	 (29)
(1 3 7 9 15 17 21 23 25 29).	 (29)
(1 5 7 9 15 17 21 23 25 29).	 (29)
(3 5 7 9 15 17 21 23 25 29).	 (29)
(1 3 5 11 15 17 21 23 25 29).	 (13)
(1 3 7 11 15 17 21 23 25 29).	 (13)
(1 5 7 11 15 17 21 23 25 29).	 (13)
(3 5 7 11 15 17 21 23 25 29).	 (13)
(1 5 9 11 15 17 21 23 25 29).	 (53)
(3 5 9 11 15 17 21 23 25 29).	 (37)
(1 7 9 11 15 17 21 23 25 29).	 (61)
(3 7 9 11 15 17 21 23 25 29).	 (45)
(1 5 9 13 15 17 21 23 25 29).	 (53)
(3 5 9 13 15 17 21 23 25 29).	 (37)
(1 7 9 13 15 17 21 23 25 29).	 (61)
(3 7 9 13 15 17 21 23 25 29).	 (45)
(1 5 11 13 15 17 21 23 25 29).	 (53)
(3 5 11 13 15 17 21 23 25 29).	 (37)
(1 7 11 13 15 17 21 23 25 29).	 (61)
(3 7 11 13 15 17 21 23 25 29).	 (45)
(1 9 11 13 15 17 21 23 25 29).	 (61 53)
(3 9 11 13 15 17 21 23 25 29).	 (45 37)
(5 9 11 13 15 17 21 23 25 29).	 (53 37)
(7 9 11 13 15 17 21 23 25 29).	 (61 45)
(1 3 5 7 9 19 21 23 25 29).	 (29 21)
(1 3 5 7 11 19 21 23 25 29).	 (13 5)
(1 3 5 7 13 19 21 23 25 29).	 (21 5)
(1 3 5 9 13 19 21 23 25 29).	 (21)
(1 3 7 9 13 19 21 23 25 29).	 (21)
(1 5 7 9 13 19 21 23 25 29).	 (21)
(3 5 7 9 13 19 21 23 25 29).	 (21)
(1 3 5 11 13 19 21 23 25 29).	 (5)
(1 3 7 11 13 19 21 23 25 29).	 (5)
(1 5 7 11 13 19 21 23 25 29).	 (5)
(3 5 7 11 13 19 21 23 25 29).	 (5)
(1 5 9 11 13 19 21 23 25 29).	 (53)
(3 5 9 11 13 19 21 23 25 29).	 (37)
(1 7 9 11 13 19 21 23 25 29).	 (61)
(3 7 9 11 13 19 21 23 25 29).	 (45)
(1 3 5 7 15 19 21 23 25 29).	 (29 13)
(1 3 5 9 15 19 21 23 25 29).	 (29)
(1 3 7 9 15 19 21 23 25 29).	 (29)
(1 5 7 9 15 19 21 23 25 29).	 (29)
(3 5 7 9 15 19 21 23 25 29).	 (29)
(1 3 5 11 15 19 21 23 25 29).	 (13)
(1 3 7 11 15 19 21 23 25 29).	 (13)
(1 5 7 11 15 19 21 23 25 29).	 (13)
(3 5 7 11 15 19 21 23 25 29).	 (13)
(1 5 9 11 15 19 21 23 25 29).	 (53)
(3 5 9 11 15 19 21 23 25 29).	 (37)
(1 7 9 11 15 19 21 23 25 29).	 (61)
(3 7 9 11 15 19 21 23 25 29).	 (45)
(1 5 9 13 15 19 21 23 25 29).	 (53)
(3 5 9 13 15 19 21 23 25 29).	 (37)
(1 7 9 13 15 19 21 23 25 29).	 (61)
(3 7 9 13 15 19 21 23 25 29).	 (45)
(1 5 11 13 15 19 21 23 25 29).	 (53)
(3 5 11 13 15 19 21 23 25 29).	 (37)
(1 7 11 13 15 19 21 23 25 29).	 (61)
(3 7 11 13 15 19 21 23 25 29).	 (45)
(1 9 11 13 15 19 21 23 25 29).	 (61 53)
(3 9 11 13 15 19 21 23 25 29).	 (45 37)
(5 9 11 13 15 19 21 23 25 29).	 (53 37)
(7 9 11 13 15 19 21 23 25 29).	 (61 45)
(1 3 5 7 17 19 21 23 25 29).	 (29 21 13 5)
(1 3 5 9 17 19 21 23 25 29).	 (29 21)
(1 3 7 9 17 19 21 23 25 29).	 (29 21)
(1 5 7 9 17 19 21 23 25 29).	 (29 21)
(3 5 7 9 17 19 21 23 25 29).	 (29 21)
(1 3 5 11 17 19 21 23 25 29).	 (13 5)
(1 3 7 11 17 19 21 23 25 29).	 (13 5)
(1 5 7 11 17 19 21 23 25 29).	 (13 5)
(3 5 7 11 17 19 21 23 25 29).	 (13 5)
(1 5 9 11 17 19 21 23 25 29).	 (53)
(3 5 9 11 17 19 21 23 25 29).	 (37)
(1 7 9 11 17 19 21 23 25 29).	 (61)
(3 7 9 11 17 19 21 23 25 29).	 (45)
(1 3 5 13 17 19 21 23 25 29).	 (21 5)
(1 3 7 13 17 19 21 23 25 29).	 (21 5)
(1 5 7 13 17 19 21 23 25 29).	 (21 5)
(3 5 7 13 17 19 21 23 25 29).	 (21 5)
(1 3 9 13 17 19 21 23 25 29).	 (21)
(1 5 9 13 17 19 21 23 25 29).	 (53 21)
(3 5 9 13 17 19 21 23 25 29).	 (37 21)
(1 7 9 13 17 19 21 23 25 29).	 (61 21)
(3 7 9 13 17 19 21 23 25 29).	 (45 21)
(5 7 9 13 17 19 21 23 25 29).	 (21)
(1 3 11 13 17 19 21 23 25 29).	 (5)
(1 5 11 13 17 19 21 23 25 29).	 (53 5)
(3 5 11 13 17 19 21 23 25 29).	 (37 5)
(1 7 11 13 17 19 21 23 25 29).	 (61 5)
(3 7 11 13 17 19 21 23 25 29).	 (45 5)
(5 7 11 13 17 19 21 23 25 29).	 (5)
(1 9 11 13 17 19 21 23 25 29).	 (61 53)
(3 9 11 13 17 19 21 23 25 29).	 (45 37)
(5 9 11 13 17 19 21 23 25 29).	 (53 37)
(7 9 11 13 17 19 21 23 25 29).	 (61 45)
(1 3 5 15 17 19 21 23 25 29).	 (29 13)
(1 3 7 15 17 19 21 23 25 29).	 (29 13)
(1 5 7 15 17 19 21 23 25 29).	 (29 13)
(3 5 7 15 17 19 21 23 25 29).	 (29 13)
(1 3 9 15 17 19 21 23 25 29).	 (29)
(1 5 9 15 17 19 21 23 25 29).	 (53 29)
(3 5 9 15 17 19 21 23 25 29).	 (37 29)
(1 7 9 15 17 19 21 23 25 29).	 (61 29)
(3 7 9 15 17 19 21 23 25 29).	 (45 29)
(5 7 9 15 17 19 21 23 25 29).	 (29)
(1 3 11 15 17 19 21 23 25 29).	 (13)
(1 5 11 15 17 19 21 23 25 29).	 (53 13)
(3 5 11 15 17 19 21 23 25 29).	 (37 13)
(1 7 11 15 17 19 21 23 25 29).	 (61 13)
(3 7 11 15 17 19 21 23 25 29).	 (45 13)
(5 7 11 15 17 19 21 23 25 29).	 (13)
(1 9 11 15 17 19 21 23 25 29).	 (61 53)
(3 9 11 15 17 19 21 23 25 29).	 (45 37)
(5 9 11 15 17 19 21 23 25 29).	 (53 37)
(7 9 11 15 17 19 21 23 25 29).	 (61 45)
(1 5 13 15 17 19 21 23 25 29).	 (53)
(3 5 13 15 17 19 21 23 25 29).	 (37)
(1 7 13 15 17 19 21 23 25 29).	 (61)
(3 7 13 15 17 19 21 23 25 29).	 (45)
(1 9 13 15 17 19 21 23 25 29).	 (61 53)
(3 9 13 15 17 19 21 23 25 29).	 (45 37)
(5 9 13 15 17 19 21 23 25 29).	 (53 37)
(7 9 13 15 17 19 21 23 25 29).	 (61 45)
(1 11 13 15 17 19 21 23 25 29).	 (61 53)
(3 11 13 15 17 19 21 23 25 29).	 (45 37)
(5 11 13 15 17 19 21 23 25 29).	 (53 37)
(7 11 13 15 17 19 21 23 25 29).	 (61 45)
(9 11 13 15 17 19 21 23 25 29).	 (61 53 45 37)
(1 3 5 7 9 13 17 19 27 29).	 (23)
(1 3 5 7 11 13 17 19 27 29).	 (7)
(1 3 5 7 9 15 17 19 27 29).	 (31)
(1 3 5 7 11 15 17 19 27 29).	 (15)
(1 5 9 11 13 15 17 19 27 29).	 (55)
(3 5 9 11 13 15 17 19 27 29).	 (39)
(1 7 9 11 13 15 17 19 27 29).	 (63)
(3 7 9 11 13 15 17 19 27 29).	 (47)
(1 3 5 7 9 13 17 21 27 29).	 (23 17)
(1 3 5 7 11 13 17 21 27 29).	 (7 1)
(1 3 5 7 9 15 17 21 27 29).	 (31 25)
(1 3 5 7 11 15 17 21 27 29).	 (15 9)
(1 5 9 11 13 15 17 21 27 29).	 (55 49)
(3 5 9 11 13 15 17 21 27 29).	 (39 33)
(1 7 9 11 13 15 17 21 27 29).	 (63 57)
(3 7 9 11 13 15 17 21 27 29).	 (47 41)
(1 3 5 7 9 13 19 21 27 29).	 (23 19)
(1 3 5 7 11 13 19 21 27 29).	 (7 3)
(1 3 5 7 9 15 19 21 27 29).	 (31 27)
(1 3 5 7 11 15 19 21 27 29).	 (15 11)
(1 5 9 11 13 15 19 21 27 29).	 (55 51)
(3 5 9 11 13 15 19 21 27 29).	 (39 35)
(1 7 9 11 13 15 19 21 27 29).	 (63 59)
(3 7 9 11 13 15 19 21 27 29).	 (47 43)
(1 3 5 7 9 17 19 21 27 29).	 (31 23)
(1 3 5 7 11 17 19 21 27 29).	 (15 7)
(1 3 5 7 13 17 19 21 27 29).	 (23 7)
(1 3 5 9 13 17 19 21 27 29).	 (23)
(1 3 7 9 13 17 19 21 27 29).	 (23)
(1 5 7 9 13 17 19 21 27 29).	 (23)
(3 5 7 9 13 17 19 21 27 29).	 (23)
(1 3 5 11 13 17 19 21 27 29).	 (7)
(1 3 7 11 13 17 19 21 27 29).	 (7)
(1 5 7 11 13 17 19 21 27 29).	 (7)
(3 5 7 11 13 17 19 21 27 29).	 (7)
(1 5 9 11 13 17 19 21 27 29).	 (55)
(3 5 9 11 13 17 19 21 27 29).	 (39)
(1 7 9 11 13 17 19 21 27 29).	 (63)
(3 7 9 11 13 17 19 21 27 29).	 (47)
(1 3 5 7 15 17 19 21 27 29).	 (31 15)
(1 3 5 9 15 17 19 21 27 29).	 (31)
(1 3 7 9 15 17 19 21 27 29).	 (31)
(1 5 7 9 15 17 19 21 27 29).	 (31)
(3 5 7 9 15 17 19 21 27 29).	 (31)
(1 3 5 11 15 17 19 21 27 29).	 (15)
(1 3 7 11 15 17 19 21 27 29).	 (15)
(1 5 7 11 15 17 19 21 27 29).	 (15)
(3 5 7 11 15 17 19 21 27 29).	 (15)
(1 5 9 11 15 17 19 21 27 29).	 (55)
(3 5 9 11 15 17 19 21 27 29).	 (39)
(1 7 9 11 15 17 19 21 27 29).	 (63)
(3 7 9 11 15 17 19 21 27 29).	 (47)
(1 5 9 13 15 17 19 21 27 29).	 (55)
(3 5 9 13 15 17 19 21 27 29).	 (39)
(1 7 9 13 15 17 19 21 27 29).	 (63)
(3 7 9 13 15 17 19 21 27 29).	 (47)
(1 5 11 13 15 17 19 21 27 29).	 (55)
(3 5 11 13 15 17 19 21 27 29).	 (39)
(1 7 11 13 15 17 19 21 27 29).	 (63)
(3 7 11 13 15 17 19 21 27 29).	 (47)
(1 9 11 13 15 17 19 21 27 29).	 (63 55)
(3 9 11 13 15 17 19 21 27 29).	 (47 39)
(5 9 11 13 15 17 19 21 27 29).	 (55 39)
(7 9 11 13 15 17 19 21 27 29).	 (63 47)
(1 3 5 7 9 13 17 23 27 29).	 (23 16)
(1 3 5 7 11 13 17 23 27 29).	 (7 0)
(1 3 5 7 9 15 17 23 27 29).	 (31 24)
(1 3 5 7 11 15 17 23 27 29).	 (15 8)
(1 5 9 11 13 15 17 23 27 29).	 (55 48)
(3 5 9 11 13 15 17 23 27 29).	 (39 32)
(1 7 9 11 13 15 17 23 27 29).	 (63 56)
(3 7 9 11 13 15 17 23 27 29).	 (47 40)
(1 3 5 7 9 13 19 23 27 29).	 (23 18)
(1 3 5 7 11 13 19 23 27 29).	 (7 2)
(1 3 5 7 9 15 19 23 27 29).	 (31 26)
(1 3 5 7 11 15 19 23 27 29).	 (15 10)
(1 5 9 11 13 15 19 23 27 29).	 (55 50)
(3 5 9 11 13 15 19 23 27 29).	 (39 34)
(1 7 9 11 13 15 19 23 27 29).	 (63 58)
(3 7 9 11 13 15 19 23 27 29).	 (47 42)
(1 3 5 7 9 17 19 23 27 29).	 (31 23)
(1 3 5 7 11 17 19 23 27 29).	 (15 7)
(1 3 5 7 13 17 19 23 27 29).	 (23 7)
(1 3 5 9 13 17 19 23 27 29).	 (23)
(1 3 7 9 13 17 19 23 27 29).	 (23)
(1 5 7 9 13 17 19 23 27 29).	 (23)
(3 5 7 9 13 17 19 23 27 29).	 (23)
(1 3 5 11 13 17 19 23 27 29).	 (7)
(1 3 7 11 13 17 19 23 27 29).	 (7)
(1 5 7 11 13 17 19 23 27 29).	 (7)
(3 5 7 11 13 17 19 23 27 29).	 (7)
(1 5 9 11 13 17 19 23 27 29).	 (55)
(3 5 9 11 13 17 19 23 27 29).	 (39)
(1 7 9 11 13 17 19 23 27 29).	 (63)
(3 7 9 11 13 17 19 23 27 29).	 (47)
(1 3 5 7 15 17 19 23 27 29).	 (31 15)
(1 3 5 9 15 17 19 23 27 29).	 (31)
(1 3 7 9 15 17 19 23 27 29).	 (31)
(1 5 7 9 15 17 19 23 27 29).	 (31)
(3 5 7 9 15 17 19 23 27 29).	 (31)
(1 3 5 11 15 17 19 23 27 29).	 (15)
(1 3 7 11 15 17 19 23 27 29).	 (15)
(1 5 7 11 15 17 19 23 27 29).	 (15)
(3 5 7 11 15 17 19 23 27 29).	 (15)
(1 5 9 11 15 17 19 23 27 29).	 (55)
(3 5 9 11 15 17 19 23 27 29).	 (39)
(1 7 9 11 15 17 19 23 27 29).	 (63)
(3 7 9 11 15 17 19 23 27 29).	 (47)
(1 5 9 13 15 17 19 23 27 29).	 (55)
(3 5 9 13 15 17 19 23 27 29).	 (39)
(1 7 9 13 15 17 19 23 27 29).	 (63)
(3 7 9 13 15 17 19 23 27 29).	 (47)
(1 5 11 13 15 17 19 23 27 29).	 (55)
(3 5 11 13 15 17 19 23 27 29).	 (39)
(1 7 11 13 15 17 19 23 27 29).	 (63)
(3 7 11 13 15 17 19 23 27 29).	 (47)
(1 9 11 13 15 17 19 23 27 29).	 (63 55)
(3 9 11 13 15 17 19 23 27 29).	 (47 39)
(5 9 11 13 15 17 19 23 27 29).	 (55 39)
(7 9 11 13 15 17 19 23 27 29).	 (63 47)
(1 3 5 7 9 13 21 23 27 29).	 (23)
(1 3 5 7 11 13 21 23 27 29).	 (7)
(1 3 5 7 9 15 21 23 27 29).	 (31)
(1 3 5 7 11 15 21 23 27 29).	 (15)
(1 5 9 11 13 15 21 23 27 29).	 (55)
(3 5 9 11 13 15 21 23 27 29).	 (39)
(1 7 9 11 13 15 21 23 27 29).	 (63)
(3 7 9 11 13 15 21 23 27 29).	 (47)
(1 3 5 7 9 17 21 23 27 29).	 (31 23)
(1 3 5 7 11 17 21 23 27 29).	 (15 7)
(1 3 5 7 13 17 21 23 27 29).	 (23 7)
(1 3 5 9 13 17 21 23 27 29).	 (23)
(1 3 7 9 13 17 21 23 27 29).	 (23)
(1 5 7 9 13 17 21 23 27 29).	 (23)
(3 5 7 9 13 17 21 23 27 29).	 (23)
(1 3 5 11 13 17 21 23 27 29).	 (7)
(1 3 7 11 13 17 21 23 27 29).	 (7)
(1 5 7 11 13 17 21 23 27 29).	 (7)
(3 5 7 11 13 17 21 23 27 29).	 (7)
(1 5 9 11 13 17 21 23 27 29).	 (55)
(3 5 9 11 13 17 21 23 27 29).	 (39)
(1 7 9 11 13 17 21 23 27 29).	 (63)
(3 7 9 11 13 17 21 23 27 29).	 (47)
(1 3 5 7 15 17 21 23 27 29).	 (31 15)
(1 3 5 9 15 17 21 23 27 29).	 (31)
(1 3 7 9 15 17 21 23 27 29).	 (31)
(1 5 7 9 15 17 21 23 27 29).	 (31)
(3 5 7 9 15 17 21 23 27 29).	 (31)
(1 3 5 11 15 17 21 23 27 29).	 (15)
(1 3 7 11 15 17 21 23 27 29).	 (15)
(1 5 7 11 15 17 21 23 27 29).	 (15)
(3 5 7 11 15 17 21 23 27 29).	 (15)
(1 5 9 11 15 17 21 23 27 29).	 (55)
(3 5 9 11 15 17 21 23 27 29).	 (39)
(1 7 9 11 15 17 21 23 27 29).	 (63)
(3 7 9 11 15 17 21 23 27 29).	 (47)
(1 5 9 13 15 17 21 23 27 29).	 (55)
(3 5 9 13 15 17 21 23 27 29).	 (39)
(1 7 9 13 15 17 21 23 27 29).	 (63)
(3 7 9 13 15 17 21 23 27 29).	 (47)
(1 5 11 13 15 17 21 23 27 29).	 (55)
(3 5 11 13 15 17 21 23 27 29).	 (39)
(1 7 11 13 15 17 21 23 27 29).	 (63)
(3 7 11 13 15 17 21 23 27 29).	 (47)
(1 9 11 13 15 17 21 23 27 29).	 (63 55)
(3 9 11 13 15 17 21 23 27 29).	 (47 39)
(5 9 11 13 15 17 21 23 27 29).	 (55 39)
(7 9 11 13 15 17 21 23 27 29).	 (63 47)
(1 3 5 7 9 19 21 23 27 29).	 (31 23)
(1 3 5 7 11 19 21 23 27 29).	 (15 7)
(1 3 5 7 13 19 21 23 27 29).	 (23 7)
(1 3 5 9 13 19 21 23 27 29).	 (23)
(1 3 7 9 13 19 21 23 27 29).	 (23)
(1 5 7 9 13 19 21 23 27 29).	 (23)
(3 5 7 9 13 19 21 23 27 29).	 (23)
(1 3 5 11 13 19 21 23 27 29).	 (7)
(1 3 7 11 13 19 21 23 27 29).	 (7)
(1 5 7 11 13 19 21 23 27 29).	 (7)
(3 5 7 11 13 19 21 23 27 29).	 (7)
(1 5 9 11 13 19 21 23 27 29).	 (55)
(3 5 9 11 13 19 21 23 27 29).	 (39)
(1 7 9 11 13 19 21 23 27 29).	 (63)
(3 7 9 11 13 19 21 23 27 29).	 (47)
(1 3 5 7 15 19 21 23 27 29).	 (31 15)
(1 3 5 9 15 19 21 23 27 29).	 (31)
(1 3 7 9 15 19 21 23 27 29).	 (31)
(1 5 7 9 15 19 21 23 27 29).	 (31)
(3 5 7 9 15 19 21 23 27 29).	 (31)
(1 3 5 11 15 19 21 23 27 29).	 (15)
(1 3 7 11 15 19 21 23 27 29).	 (15)
(1 5 7 11 15 19 21 23 27 29).	 (15)
(3 5 7 11 15 19 21 23 27 29).	 (15)
(1 5 9 11 15 19 21 23 27 29).	 (55)
(3 5 9 11 15 19 21 23 27 29).	 (39)
(1 7 9 11 15 19 21 23 27 29).	 (63)
(3 7 9 11 15 19 21 23 27 29).	 (47)
(1 5 9 13 15 19 21 23 27 29).	 (55)
(3 5 9 13 15 19 21 23 27 29).	 (39)
(1 7 9 13 15 19 21 23 27 29).	 (63)
(3 7 9 13 15 19 21 23 27 29).	 (47)
(1 5 11 13 15 19 21 23 27 29).	 (55)
(3 5 11 13 15 19 21 23 27 29).	 (39)
(1 7 11 13 15 19 21 23 27 29).	 (63)
(3 7 11 13 15 19 21 23 27 29).	 (47)
(1 9 11 13 15 19 21 23 27 29).	 (63 55)
(3 9 11 13 15 19 21 23 27 29).	 (47 39)
(5 9 11 13 15 19 21 23 27 29).	 (55 39)
(7 9 11 13 15 19 21 23 27 29).	 (63 47)
(1 3 5 7 17 19 21 23 27 29).	 (31 23 15 7)
(1 3 5 9 17 19 21 23 27 29).	 (31 23)
(1 3 7 9 17 19 21 23 27 29).	 (31 23)
(1 5 7 9 17 19 21 23 27 29).	 (31 23)
(3 5 7 9 17 19 21 23 27 29).	 (31 23)
(1 3 5 11 17 19 21 23 27 29).	 (15 7)
(1 3 7 11 17 19 21 23 27 29).	 (15 7)
(1 5 7 11 17 19 21 23 27 29).	 (15 7)
(3 5 7 11 17 19 21 23 27 29).	 (15 7)
(1 5 9 11 17 19 21 23 27 29).	 (55)
(3 5 9 11 17 19 21 23 27 29).	 (39)
(1 7 9 11 17 19 21 23 27 29).	 (63)
(3 7 9 11 17 19 21 23 27 29).	 (47)
(1 3 5 13 17 19 21 23 27 29).	 (23 7)
(1 3 7 13 17 19 21 23 27 29).	 (23 7)
(1 5 7 13 17 19 21 23 27 29).	 (23 7)
(3 5 7 13 17 19 21 23 27 29).	 (23 7)
(1 3 9 13 17 19 21 23 27 29).	 (23)
(1 5 9 13 17 19 21 23 27 29).	 (55 23)
(3 5 9 13 17 19 21 23 27 29).	 (39 23)
(1 7 9 13 17 19 21 23 27 29).	 (63 23)
(3 7 9 13 17 19 21 23 27 29).	 (47 23)
(5 7 9 13 17 19 21 23 27 29).	 (23)
(1 3 11 13 17 19 21 23 27 29).	 (7)
(1 5 11 13 17 19 21 23 27 29).	 (55 7)
(3 5 11 13 17 19 21 23 27 29).	 (39 7)
(1 7 11 13 17 19 21 23 27 29).	 (63 7)
(3 7 11 13 17 19 21 23 27 29).	 (47 7)
(5 7 11 13 17 19 21 23 27 29).	 (7)
(1 9 11 13 17 19 21 23 27 29).	 (63 55)
(3 9 11 13 17 19 21 23 27 29).	 (47 39)
(5 9 11 13 17 19 21 23 27 29).	 (55 39)
(7 9 11 13 17 19 21 23 27 29).	 (63 47)
(1 3 5 15 17 19 21 23 27 29).	 (31 15)
(1 3 7 15 17 19 21 23 27 29).	 (31 15)
(1 5 7 15 17 19 21 23 27 29).	 (31 15)
(3 5 7 15 17 19 21 23 27 29).	 (31 15)
(1 3 9 15 17 19 21 23 27 29).	 (31)
(1 5 9 15 17 19 21 23 27 29).	 (55 31)
(3 5 9 15 17 19 21 23 27 29).	 (39 31)
(1 7 9 15 17 19 21 23 27 29).	 (63 31)
(3 7 9 15 17 19 21 23 27 29).	 (47 31)
(5 7 9 15 17 19 21 23 27 29).	 (31)
(1 3 11 15 17 19 21 23 27 29).	 (15)
(1 5 11 15 17 19 21 23 27 29).	 (55 15)
(3 5 11 15 17 19 21 23 27 29).	 (39 15)
(1 7 11 15 17 19 21 23 27 29).	 (63 15)
(3 7 11 15 17 19 21 23 27 29).	 (47 15)
(5 7 11 15 17 19 21 23 27 29).	 (15)
(1 9 11 15 17 19 21 23 27 29).	 (63 55)
(3 9 11 15 17 19 21 23 27 29).	 (47 39)
(5 9 11 15 17 19 21 23 27 29).	 (55 39)
(7 9 11 15 17 19 21 23 27 29).	 (63 47)
(1 5 13 15 17 19 21 23 27 29).	 (55)
(3 5 13 15 17 19 21 23 27 29).	 (39)
(1 7 13 15 17 19 21 23 27 29).	 (63)
(3 7 13 15 17 19 21 23 27 29).	 (47)
(1 9 13 15 17 19 21 23 27 29).	 (63 55)
(3 9 13 15 17 19 21 23 27 29).	 (47 39)
(5 9 13 15 17 19 21 23 27 29).	 (55 39)
(7 9 13 15 17 19 21 23 27 29).	 (63 47)
(1 11 13 15 17 19 21 23 27 29).	 (63 55)
(3 11 13 15 17 19 21 23 27 29).	 (47 39)
(5 11 13 15 17 19 21 23 27 29).	 (55 39)
(7 11 13 15 17 19 21 23 27 29).	 (63 47)
(9 11 13 15 17 19 21 23 27 29).	 (63 55 47 39)
(1 3 5 7 9 13 17 25 27 29).	 (17 16)
(1 3 5 7 11 13 17 25 27 29).	 (1 0)
(1 3 5 7 9 15 17 25 27 29).	 (25 24)
(1 3 5 7 11 15 17 25 27 29).	 (9 8)
(1 5 9 11 13 15 17 25 27 29).	 (49 48)
(3 5 9 11 13 15 17 25 27 29).	 (33 32)
(1 7 9 11 13 15 17 25 27 29).	 (57 56)
(3 7 9 11 13 15 17 25 27 29).	 (41 40)
(1 3 5 7 9 13 19 25 27 29).	 (19 18)
(1 3 5 7 11 13 19 25 27 29).	 (3 2)
(1 3 5 7 9 15 19 25 27 29).	 (27 26)
(1 3 5 7 11 15 19 25 27 29).	 (11 10)
(1 5 9 11 13 15 19 25 27 29).	 (51 50)
(3 5 9 11 13 15 19 25 27 29).	 (35 34)
(1 7 9 11 13 15 19 25 27 29).	 (59 58)
(3 7 9 11 13 15 19 25 27 29).	 (43 42)
(1 3 5 7 9 13 21 25 27 29).	 (19 17)
(1 3 5 7 11 13 21 25 27 29).	 (3 1)
(1 3 5 7 9 15 21 25 27 29).	 (27 25)
(1 3 5 7 11 15 21 25 27 29).	 (11 9)
(1 5 9 11 13 15 21 25 27 29).	 (51 49)
(3 5 9 11 13 15 21 25 27 29).	 (35 33)
(1 7 9 11 13 15 21 25 27 29).	 (59 57)
(3 7 9 11 13 15 21 25 27 29).	 (43 41)
(1 3 5 7 9 17 21 25 27 29).	 (25 17)
(1 3 5 7 11 17 21 25 27 29).	 (9 1)
(1 3 5 7 13 17 21 25 27 29).	 (17 1)
(1 3 5 9 13 17 21 25 27 29).	 (17)
(1 3 7 9 13 17 21 25 27 29).	 (17)
(1 5 7 9 13 17 21 25 27 29).	 (17)
(3 5 7 9 13 17 21 25 27 29).	 (17)
(1 3 5 11 13 17 21 25 27 29).	 (1)
(1 3 7 11 13 17 21 25 27 29).	 (1)
(1 5 7 11 13 17 21 25 27 29).	 (1)
(3 5 7 11 13 17 21 25 27 29).	 (1)
(1 5 9 11 13 17 21 25 27 29).	 (49)
(3 5 9 11 13 17 21 25 27 29).	 (33)
(1 7 9 11 13 17 21 25 27 29).	 (57)
(3 7 9 11 13 17 21 25 27 29).	 (41)
(1 3 5 7 15 17 21 25 27 29).	 (25 9)
(1 3 5 9 15 17 21 25 27 29).	 (25)
(1 3 7 9 15 17 21 25 27 29).	 (25)
(1 5 7 9 15 17 21 25 27 29).	 (25)
(3 5 7 9 15 17 21 25 27 29).	 (25)
(1 3 5 11 15 17 21 25 27 29).	 (9)
(1 3 7 11 15 17 21 25 27 29).	 (9)
(1 5 7 11 15 17 21 25 27 29).	 (9)
(3 5 7 11 15 17 21 25 27 29).	 (9)
(1 5 9 11 15 17 21 25 27 29).	 (49)
(3 5 9 11 15 17 21 25 27 29).	 (33)
(1 7 9 11 15 17 21 25 27 29).	 (57)
(3 7 9 11 15 17 21 25 27 29).	 (41)
(1 5 9 13 15 17 21 25 27 29).	 (49)
(3 5 9 13 15 17 21 25 27 29).	 (33)
(1 7 9 13 15 17 21 25 27 29).	 (57)
(3 7 9 13 15 17 21 25 27 29).	 (41)
(1 5 11 13 15 17 21 25 27 29).	 (49)
(3 5 11 13 15 17 21 25 27 29).	 (33)
(1 7 11 13 15 17 21 25 27 29).	 (57)
(3 7 11 13 15 17 21 25 27 29).	 (41)
(1 9 11 13 15 17 21 25 27 29).	 (57 49)
(3 9 11 13 15 17 21 25 27 29).	 (41 33)
(5 9 11 13 15 17 21 25 27 29).	 (49 33)
(7 9 11 13 15 17 21 25 27 29).	 (57 41)
(1 3 5 7 9 19 21 25 27 29).	 (27 19)
(1 3 5 7 11 19 21 25 27 29).	 (11 3)
(1 3 5 7 13 19 21 25 27 29).	 (19 3)
(1 3 5 9 13 19 21 25 27 29).	 (19)
(1 3 7 9 13 19 21 25 27 29).	 (19)
(1 5 7 9 13 19 21 25 27 29).	 (19)
(3 5 7 9 13 19 21 25 27 29).	 (19)
(1 3 5 11 13 19 21 25 27 29).	 (3)
(1 3 7 11 13 19 21 25 27 29).	 (3)
(1 5 7 11 13 19 21 25 27 29).	 (3)
(3 5 7 11 13 19 21 25 27 29).	 (3)
(1 5 9 11 13 19 21 25 27 29).	 (51)
(3 5 9 11 13 19 21 25 27 29).	 (35)
(1 7 9 11 13 19 21 25 27 29).	 (59)
(3 7 9 11 13 19 21 25 27 29).	 (43)
(1 3 5 7 15 19 21 25 27 29).	 (27 11)
(1 3 5 9 15 19 21 25 27 29).	 (27)
(1 3 7 9 15 19 21 25 27 29).	 (27)
(1 5 7 9 15 19 21 25 27 29).	 (27)
(3 5 7 9 15 19 21 25 27 29).	 (27)
(1 3 5 11 15 19 21 25 27 29).	 (11)
(1 3 7 11 15 19 21 25 27 29).	 (11)
(1 5 7 11 15 19 21 25 27 29).	 (11)
(3 5 7 11 15 19 21 25 27 29).	 (11)
(1 5 9 11 15 19 21 25 27 29).	 (51)
(3 5 9 11 15 19 21 25 27 29).	 (35)
(1 7 9 11 15 19 21 25 27 29).	 (59)
(3 7 9 11 15 19 21 25 27 29).	 (43)
(1 5 9 13 15 19 21 25 27 29).	 (51)
(3 5 9 13 15 19 21 25 27 29).	 (35)
(1 7 9 13 15 19 21 25 27 29).	 (59)
(3 7 9 13 15 19 21 25 27 29).	 (43)
(1 5 11 13 15 19 21 25 27 29).	 (51)
(3 5 11 13 15 19 21 25 27 29).	 (35)
(1 7 11 13 15 19 21 25 27 29).	 (59)
(3 7 11 13 15 19 21 25 27 29).	 (43)
(1 9 11 13 15 19 21 25 27 29).	 (59 51)
(3 9 11 13 15 19 21 25 27 29).	 (43 35)
(5 9 11 13 15 19 21 25 27 29).	 (51 35)
(7 9 11 13 15 19 21 25 27 29).	 (59 43)
(1 3 5 7 9 13 23 25 27 29).	 (18 16)
(1 3 5 7 11 13 23 25 27 29).	 (2 0)
(1 3 5 7 9 15 23 25 27 29).	 (26 24)
(1 3 5 7 11 15 23 25 27 29).	 (10 8)
(1 5 9 11 13 15 23 25 27 29).	 (50 48)
(3 5 9 11 13 15 23 25 27 29).	 (34 32)
(1 7 9 11 13 15 23 25 27 29).	 (58 56)
(3 7 9 11 13 15 23 25 27 29).	 (42 40)
(1 3 5 7 9 17 23 25 27 29).	 (24 16)
(1 3 5 7 11 17 23 25 27 29).	 (8 0)
(1 3 5 7 13 17 23 25 27 29).	 (16 0)
(1 3 5 9 13 17 23 25 27 29).	 (16)
(1 3 7 9 13 17 23 25 27 29).	 (16)
(1 5 7 9 13 17 23 25 27 29).	 (16)
(3 5 7 9 13 17 23 25 27 29).	 (16)
(1 3 5 11 13 17 23 25 27 29).	 (0)
(1 3 7 11 13 17 23 25 27 29).	 (0)
(1 5 7 11 13 17 23 25 27 29).	 (0)
(3 5 7 11 13 17 23 25 27 29).	 (0)
(1 5 9 11 13 17 23 25 27 29).	 (48)
(3 5 9 11 13 17 23 25 27 29).	 (32)
(1 7 9 11 13 17 23 25 27 29).	 (56)
(3 7 9 11 13 17 23 25 27 29).	 (40)
(1 3 5 7 15 17 23 25 27 29).	 (24 8)
(1 3 5 9 15 17 23 25 27 29).	 (24)
(1 3 7 9 15 17 23 25 27 29).	 (24)
(1 5 7 9 15 17 23 25 27 29).	 (24)
(3 5 7 9 15 17 23 25 27 29).	 (24)
(1 3 5 11 15 17 23 25 27 29).	 (8)
(1 3 7 11 15 17 23 25 27 29).	 (8)
(1 5 7 11 15 17 23 25 27 29).	 (8)
(3 5 7 11 15 17 23 25 27 29).	 (8)
(1 5 9 11 15 17 23 25 27 29).	 (48)
(3 5 9 11 15 17 23 25 27 29).	 (32)
(1 7 9 11 15 17 23 25 27 29).	 (56)
(3 7 9 11 15 17 23 25 27 29).	 (40)
(1 5 9 13 15 17 23 25 27 29).	 (48)
(3 5 9 13 15 17 23 25 27 29).	 (32)
(1 7 9 13 15 17 23 25 27 29).	 (56)
(3 7 9 13 15 17 23 25 27 29).	 (40)
(1 5 11 13 15 17 23 25 27 29).	 (48)
(3 5 11 13 15 17 23 25 27 29).	 (32)
(1 7 11 13 15 17 23 25 27 29).	 (56)
(3 7 11 13 15 17 23 25 27 29).	 (40)
(1 9 11 13 15 17 23 25 27 29).	 (56 48)
(3 9 11 13 15 17 23 25 27 29).	 (40 32)
(5 9 11 13 15 17 23 25 27 29).	 (48 32)
(7 9 11 13 15 17 23 25 27 29).	 (56 40)
(1 3 5 7 9 19 23 25 27 29).	 (26 18)
(1 3 5 7 11 19 23 25 27 29).	 (10 2)
(1 3 5 7 13 19 23 25 27 29).	 (18 2)
(1 3 5 9 13 19 23 25 27 29).	 (18)
(1 3 7 9 13 19 23 25 27 29).	 (18)
(1 5 7 9 13 19 23 25 27 29).	 (18)
(3 5 7 9 13 19 23 25 27 29).	 (18)
(1 3 5 11 13 19 23 25 27 29).	 (2)
(1 3 7 11 13 19 23 25 27 29).	 (2)
(1 5 7 11 13 19 23 25 27 29).	 (2)
(3 5 7 11 13 19 23 25 27 29).	 (2)
(1 5 9 11 13 19 23 25 27 29).	 (50)
(3 5 9 11 13 19 23 25 27 29).	 (34)
(1 7 9 11 13 19 23 25 27 29).	 (58)
(3 7 9 11 13 19 23 25 27 29).	 (42)
(1 3 5 7 15 19 23 25 27 29).	 (26 10)
(1 3 5 9 15 19 23 25 27 29).	 (26)
(1 3 7 9 15 19 23 25 27 29).	 (26)
(1 5 7 9 15 19 23 25 27 29).	 (26)
(3 5 7 9 15 19 23 25 27 29).	 (26)
(1 3 5 11 15 19 23 25 27 29).	 (10)
(1 3 7 11 15 19 23 25 27 29).	 (10)
(1 5 7 11 15 19 23 25 27 29).	 (10)
(3 5 7 11 15 19 23 25 27 29).	 (10)
(1 5 9 11 15 19 23 25 27 29).	 (50)
(3 5 9 11 15 19 23 25 27 29).	 (34)
(1 7 9 11 15 19 23 25 27 29).	 (58)
(3 7 9 11 15 19 23 25 27 29).	 (42)
(1 5 9 13 15 19 23 25 27 29).	 (50)
(3 5 9 13 15 19 23 25 27 29).	 (34)
(1 7 9 13 15 19 23 25 27 29).	 (58)
(3 7 9 13 15 19 23 25 27 29).	 (42)
(1 5 11 13 15 19 23 25 27 29).	 (50)
(3 5 11 13 15 19 23 25 27 29).	 (34)
(1 7 11 13 15 19 23 25 27 29).	 (58)
(3 7 11 13 15 19 23 25 27 29).	 (42)
(1 9 11 13 15 19 23 25 27 29).	 (58 50)
(3 9 11 13 15 19 23 25 27 29).	 (42 34)
(5 9 11 13 15 19 23 25 27 29).	 (50 34)
(7 9 11 13 15 19 23 25 27 29).	 (58 42)
(1 3 5 7 9 13 17 19 21 31).	 (22 20)
(1 3 5 7 11 13 17 19 21 31).	 (6 4)
(1 3 5 7 9 15 17 19 21 31).	 (30 28)
(1 3 5 7 11 15 17 19 21 31).	 (14 12)
(1 5 9 11 13 15 17 19 21 31).	 (54 52)
(3 5 9 11 13 15 17 19 21 31).	 (38 36)
(1 7 9 11 13 15 17 19 21 31).	 (62 60)
(3 7 9 11 13 15 17 19 21 31).	 (46 44)
(1 3 5 7 9 13 17 19 23 31).	 (22 20)
(1 3 5 7 11 13 17 19 23 31).	 (6 4)
(1 3 5 7 9 15 17 19 23 31).	 (30 28)
(1 3 5 7 11 15 17 19 23 31).	 (14 12)
(1 5 9 11 13 15 17 19 23 31).	 (54 52)
(3 5 9 11 13 15 17 19 23 31).	 (38 36)
(1 7 9 11 13 15 17 19 23 31).	 (62 60)
(3 7 9 11 13 15 17 19 23 31).	 (46 44)
(1 3 5 7 9 13 17 21 23 31).	 (22 20)
(1 3 5 7 11 13 17 21 23 31).	 (6 4)
(1 3 5 7 9 15 17 21 23 31).	 (30 28)
(1 3 5 7 11 15 17 21 23 31).	 (14 12)
(1 5 9 11 13 15 17 21 23 31).	 (54 52)
(3 5 9 11 13 15 17 21 23 31).	 (38 36)
(1 7 9 11 13 15 17 21 23 31).	 (62 60)
(3 7 9 11 13 15 17 21 23 31).	 (46 44)
(1 3 5 7 9 13 19 21 23 31).	 (22 20)
(1 3 5 7 11 13 19 21 23 31).	 (6 4)
(1 3 5 7 9 15 19 21 23 31).	 (30 28)
(1 3 5 7 11 15 19 21 23 31).	 (14 12)
(1 5 9 11 13 15 19 21 23 31).	 (54 52)
(3 5 9 11 13 15 19 21 23 31).	 (38 36)
(1 7 9 11 13 15 19 21 23 31).	 (62 60)
(3 7 9 11 13 15 19 21 23 31).	 (46 44)
(1 3 5 7 9 17 19 21 23 31).	 (30 28 22 20)
(1 3 5 7 11 17 19 21 23 31).	 (14 12 6 4)
(1 3 5 7 13 17 19 21 23 31).	 (22 20 6 4)
(1 3 5 9 13 17 19 21 23 31).	 (22 20)
(1 3 7 9 13 17 19 21 23 31).	 (22 20)
(1 5 7 9 13 17 19 21 23 31).	 (22 20)
(3 5 7 9 13 17 19 21 23 31).	 (22 20)
(1 3 5 11 13 17 19 21 23 31).	 (6 4)
(1 3 7 11 13 17 19 21 23 31).	 (6 4)
(1 5 7 11 13 17 19 21 23 31).	 (6 4)
(3 5 7 11 13 17 19 21 23 31).	 (6 4)
(1 5 9 11 13 17 19 21 23 31).	 (54 52)
(3 5 9 11 13 17 19 21 23 31).	 (38 36)
(1 7 9 11 13 17 19 21 23 31).	 (62 60)
(3 7 9 11 13 17 19 21 23 31).	 (46 44)
(1 3 5 7 15 17 19 21 23 31).	 (30 28 14 12)
(1 3 5 9 15 17 19 21 23 31).	 (30 28)
(1 3 7 9 15 17 19 21 23 31).	 (30 28)
(1 5 7 9 15 17 19 21 23 31).	 (30 28)
(3 5 7 9 15 17 19 21 23 31).	 (30 28)
(1 3 5 11 15 17 19 21 23 31).	 (14 12)
(1 3 7 11 15 17 19 21 23 31).	 (14 12)
(1 5 7 11 15 17 19 21 23 31).	 (14 12)
(3 5 7 11 15 17 19 21 23 31).	 (14 12)
(1 5 9 11 15 17 19 21 23 31).	 (54 52)
(3 5 9 11 15 17 19 21 23 31).	 (38 36)
(1 7 9 11 15 17 19 21 23 31).	 (62 60)
(3 7 9 11 15 17 19 21 23 31).	 (46 44)
(1 5 9 13 15 17 19 21 23 31).	 (54 52)
(3 5 9 13 15 17 19 21 23 31).	 (38 36)
(1 7 9 13 15 17 19 21 23 31).	 (62 60)
(3 7 9 13 15 17 19 21 23 31).	 (46 44)
(1 5 11 13 15 17 19 21 23 31).	 (54 52)
(3 5 11 13 15 17 19 21 23 31).	 (38 36)
(1 7 11 13 15 17 19 21 23 31).	 (62 60)
(3 7 11 13 15 17 19 21 23 31).	 (46 44)
(1 9 11 13 15 17 19 21 23 31).	 (62 60 54 52)
(3 9 11 13 15 17 19 21 23 31).	 (46 44 38 36)
(5 9 11 13 15 17 19 21 23 31).	 (54 52 38 36)
(7 9 11 13 15 17 19 21 23 31).	 (62 60 46 44)
(1 3 5 7 9 13 17 19 25 31).	 (20)
(1 3 5 7 11 13 17 19 25 31).	 (4)
(1 3 5 7 9 15 17 19 25 31).	 (28)
(1 3 5 7 11 15 17 19 25 31).	 (12)
(1 5 9 11 13 15 17 19 25 31).	 (52)
(3 5 9 11 13 15 17 19 25 31).	 (36)
(1 7 9 11 13 15 17 19 25 31).	 (60)
(3 7 9 11 13 15 17 19 25 31).	 (44)
(1 3 5 7 9 13 17 21 25 31).	 (20 17)
(1 3 5 7 11 13 17 21 25 31).	 (4 1)
(1 3 5 7 9 15 17 21 25 31).	 (28 25)
(1 3 5 7 11 15 17 21 25 31).	 (12 9)
(1 5 9 11 13 15 17 21 25 31).	 (52 49)
(3 5 9 11 13 15 17 21 25 31).	 (36 33)
(1 7 9 11 13 15 17 21 25 31).	 (60 57)
(3 7 9 11 13 15 17 21 25 31).	 (44 41)
(1 3 5 7 9 13 19 21 25 31).	 (20 19)
(1 3 5 7 11 13 19 21 25 31).	 (4 3)
(1 3 5 7 9 15 19 21 25 31).	 (28 27)
(1 3 5 7 11 15 19 21 25 31).	 (12 11)
(1 5 9 11 13 15 19 21 25 31).	 (52 51)
(3 5 9 11 13 15 19 21 25 31).	 (36 35)
(1 7 9 11 13 15 19 21 25 31).	 (60 59)
(3 7 9 11 13 15 19 21 25 31).	 (44 43)
(1 3 5 7 9 17 19 21 25 31).	 (28 20)
(1 3 5 7 11 17 19 21 25 31).	 (12 4)
(1 3 5 7 13 17 19 21 25 31).	 (20 4)
(1 3 5 9 13 17 19 21 25 31).	 (20)
(1 3 7 9 13 17 19 21 25 31).	 (20)
(1 5 7 9 13 17 19 21 25 31).	 (20)
(3 5 7 9 13 17 19 21 25 31).	 (20)
(1 3 5 11 13 17 19 21 25 31).	 (4)
(1 3 7 11 13 17 19 21 25 31).	 (4)
(1 5 7 11 13 17 19 21 25 31).	 (4)
(3 5 7 11 13 17 19 21 25 31).	 (4)
(1 5 9 11 13 17 19 21 25 31).	 (52)
(3 5 9 11 13 17 19 21 25 31).	 (36)
(1 7 9 11 13 17 19 21 25 31).	 (60)
(3 7 9 11 13 17 19 21 25 31).	 (44)
(1 3 5 7 15 17 19 21 25 31).	 (28 12)
(1 3 5 9 15 17 19 21 25 31).	 (28)
(1 3 7 9 15 17 19 21 25 31).	 (28)
(1 5 7 9 15 17 19 21 25 31).	 (28)
(3 5 7 9 15 17 19 21 25 31).	 (28)
(1 3 5 11 15 17 19 21 25 31).	 (12)
(1 3 7 11 15 17 19 21 25 31).	 (12)
(1 5 7 11 15 17 19 21 25 31).	 (12)
(3 5 7 11 15 17 19 21 25 31).	 (12)
(1 5 9 11 15 17 19 21 25 31).	 (52)
(3 5 9 11 15 17 19 21 25 31).	 (36)
(1 7 9 11 15 17 19 21 25 31).	 (60)
(3 7 9 11 15 17 19 21 25 31).	 (44)
(1 5 9 13 15 17 19 21 25 31).	 (52)
(3 5 9 13 15 17 19 21 25 31).	 (36)
(1 7 9 13 15 17 19 21 25 31).	 (60)
(3 7 9 13 15 17 19 21 25 31).	 (44)
(1 5 11 13 15 17 19 21 25 31).	 (52)
(3 5 11 13 15 17 19 21 25 31).	 (36)
(1 7 11 13 15 17 19 21 25 31).	 (60)
(3 7 11 13 15 17 19 21 25 31).	 (44)
(1 9 11 13 15 17 19 21 25 31).	 (60 52)
(3 9 11 13 15 17 19 21 25 31).	 (44 36)
(5 9 11 13 15 17 19 21 25 31).	 (52 36)
(7 9 11 13 15 17 19 21 25 31).	 (60 44)
(1 3 5 7 9 13 17 23 25 31).	 (20 16)
(1 3 5 7 11 13 17 23 25 31).	 (4 0)
(1 3 5 7 9 15 17 23 25 31).	 (28 24)
(1 3 5 7 11 15 17 23 25 31).	 (12 8)
(1 5 9 11 13 15 17 23 25 31).	 (52 48)
(3 5 9 11 13 15 17 23 25 31).	 (36 32)
(1 7 9 11 13 15 17 23 25 31).	 (60 56)
(3 7 9 11 13 15 17 23 25 31).	 (44 40)
(1 3 5 7 9 13 19 23 25 31).	 (20 18)
(1 3 5 7 11 13 19 23 25 31).	 (4 2)
(1 3 5 7 9 15 19 23 25 31).	 (28 26)
(1 3 5 7 11 15 19 23 25 31).	 (12 10)
(1 5 9 11 13 15 19 23 25 31).	 (52 50)
(3 5 9 11 13 15 19 23 25 31).	 (36 34)
(1 7 9 11 13 15 19 23 25 31).	 (60 58)
(3 7 9 11 13 15 19 23 25 31).	 (44 42)
(1 3 5 7 9 17 19 23 25 31).	 (28 20)
(1 3 5 7 11 17 19 23 25 31).	 (12 4)
(1 3 5 7 13 17 19 23 25 31).	 (20 4)
(1 3 5 9 13 17 19 23 25 31).	 (20)
(1 3 7 9 13 17 19 23 25 31).	 (20)
(1 5 7 9 13 17 19 23 25 31).	 (20)
(3 5 7 9 13 17 19 23 25 31).	 (20)
(1 3 5 11 13 17 19 23 25 31).	 (4)
(1 3 7 11 13 17 19 23 25 31).	 (4)
(1 5 7 11 13 17 19 23 25 31).	 (4)
(3 5 7 11 13 17 19 23 25 31).	 (4)
(1 5 9 11 13 17 19 23 25 31).	 (52)
(3 5 9 11 13 17 19 23 25 31).	 (36)
(1 7 9 11 13 17 19 23 25 31).	 (60)
(3 7 9 11 13 17 19 23 25 31).	 (44)
(1 3 5 7 15 17 19 23 25 31).	 (28 12)
(1 3 5 9 15 17 19 23 25 31).	 (28)
(1 3 7 9 15 17 19 23 25 31).	 (28)
(1 5 7 9 15 17 19 23 25 31).	 (28)
(3 5 7 9 15 17 19 23 25 31).	 (28)
(1 3 5 11 15 17 19 23 25 31).	 (12)
(1 3 7 11 15 17 19 23 25 31).	 (12)
(1 5 7 11 15 17 19 23 25 31).	 (12)
(3 5 7 11 15 17 19 23 25 31).	 (12)
(1 5 9 11 15 17 19 23 25 31).	 (52)
(3 5 9 11 15 17 19 23 25 31).	 (36)
(1 7 9 11 15 17 19 23 25 31).	 (60)
(3 7 9 11 15 17 19 23 25 31).	 (44)
(1 5 9 13 15 17 19 23 25 31).	 (52)
(3 5 9 13 15 17 19 23 25 31).	 (36)
(1 7 9 13 15 17 19 23 25 31).	 (60)
(3 7 9 13 15 17 19 23 25 31).	 (44)
(1 5 11 13 15 17 19 23 25 31).	 (52)
(3 5 11 13 15 17 19 23 25 31).	 (36)
(1 7 11 13 15 17 19 23 25 31).	 (60)
(3 7 11 13 15 17 19 23 25 31).	 (44)
(1 9 11 13 15 17 19 23 25 31).	 (60 52)
(3 9 11 13 15 17 19 23 25 31).	 (44 36)
(5 9 11 13 15 17 19 23 25 31).	 (52 36)
(7 9 11 13 15 17 19 23 25 31).	 (60 44)
(1 3 5 7 9 13 21 23 25 31).	 (20)
(1 3 5 7 11 13 21 23 25 31).	 (4)
(1 3 5 7 9 15 21 23 25 31).	 (28)
(1 3 5 7 11 15 21 23 25 31).	 (12)
(1 5 9 11 13 15 21 23 25 31).	 (52)
(3 5 9 11 13 15 21 23 25 31).	 (36)
(1 7 9 11 13 15 21 23 25 31).	 (60)
(3 7 9 11 13 15 21 23 25 31).	 (44)
(1 3 5 7 9 17 21 23 25 31).	 (28 20)
(1 3 5 7 11 17 21 23 25 31).	 (12 4)
(1 3 5 7 13 17 21 23 25 31).	 (20 4)
(1 3 5 9 13 17 21 23 25 31).	 (20)
(1 3 7 9 13 17 21 23 25 31).	 (20)
(1 5 7 9 13 17 21 23 25 31).	 (20)
(3 5 7 9 13 17 21 23 25 31).	 (20)
(1 3 5 11 13 17 21 23 25 31).	 (4)
(1 3 7 11 13 17 21 23 25 31).	 (4)
(1 5 7 11 13 17 21 23 25 31).	 (4)
(3 5 7 11 13 17 21 23 25 31).	 (4)
(1 5 9 11 13 17 21 23 25 31).	 (52)
(3 5 9 11 13 17 21 23 25 31).	 (36)
(1 7 9 11 13 17 21 23 25 31).	 (60)
(3 7 9 11 13 17 21 23 25 31).	 (44)
(1 3 5 7 15 17 21 23 25 31).	 (28 12)
(1 3 5 9 15 17 21 23 25 31).	 (28)
(1 3 7 9 15 17 21 23 25 31).	 (28)
(1 5 7 9 15 17 21 23 25 31).	 (28)
(3 5 7 9 15 17 21 23 25 31).	 (28)
(1 3 5 11 15 17 21 23 25 31).	 (12)
(1 3 7 11 15 17 21 23 25 31).	 (12)
(1 5 7 11 15 17 21 23 25 31).	 (12)
(3 5 7 11 15 17 21 23 25 31).	 (12)
(1 5 9 11 15 17 21 23 25 31).	 (52)
(3 5 9 11 15 17 21 23 25 31).	 (36)
(1 7 9 11 15 17 21 23 25 31).	 (60)
(3 7 9 11 15 17 21 23 25 31).	 (44)
(1 5 9 13 15 17 21 23 25 31).	 (52)
(3 5 9 13 15 17 21 23 25 31).	 (36)
(1 7 9 13 15 17 21 23 25 31).	 (60)
(3 7 9 13 15 17 21 23 25 31).	 (44)
(1 5 11 13 15 17 21 23 25 31).	 (52)
(3 5 11 13 15 17 21 23 25 31).	 (36)
(1 7 11 13 15 17 21 23 25 31).	 (60)
(3 7 11 13 15 17 21 23 25 31).	 (44)
(1 9 11 13 15 17 21 23 25 31).	 (60 52)
(3 9 11 13 15 17 21 23 25 31).	 (44 36)
(5 9 11 13 15 17 21 23 25 31).	 (52 36)
(7 9 11 13 15 17 21 23 25 31).	 (60 44)
(1 3 5 7 9 19 21 23 25 31).	 (28 20)
(1 3 5 7 11 19 21 23 25 31).	 (12 4)
(1 3 5 7 13 19 21 23 25 31).	 (20 4)
(1 3 5 9 13 19 21 23 25 31).	 (20)
(1 3 7 9 13 19 21 23 25 31).	 (20)
(1 5 7 9 13 19 21 23 25 31).	 (20)
(3 5 7 9 13 19 21 23 25 31).	 (20)
(1 3 5 11 13 19 21 23 25 31).	 (4)
(1 3 7 11 13 19 21 23 25 31).	 (4)
(1 5 7 11 13 19 21 23 25 31).	 (4)
(3 5 7 11 13 19 21 23 25 31).	 (4)
(1 5 9 11 13 19 21 23 25 31).	 (52)
(3 5 9 11 13 19 21 23 25 31).	 (36)
(1 7 9 11 13 19 21 23 25 31).	 (60)
(3 7 9 11 13 19 21 23 25 31).	 (44)
(1 3 5 7 15 19 21 23 25 31).	 (28 12)
(1 3 5 9 15 19 21 23 25 31).	 (28)
(1 3 7 9 15 19 21 23 25 31).	 (28)
(1 5 7 9 15 19 21 23 25 31).	 (28)
(3 5 7 9 15 19 21 23 25 31).	 (28)
(1 3 5 11 15 19 21 23 25 31).	 (12)
(1 3 7 11 15 19 21 23 25 31).	 (12)
(1 5 7 11 15 19 21 23 25 31).	 (12)
(3 5 7 11 15 19 21 23 25 31).	 (12)
(1 5 9 11 15 19 21 23 25 31).	 (52)
(3 5 9 11 15 19 21 23 25 31).	 (36)
(1 7 9 11 15 19 21 23 25 31).	 (60)
(3 7 9 11 15 19 21 23 25 31).	 (44)
(1 5 9 13 15 19 21 23 25 31).	 (52)
(3 5 9 13 15 19 21 23 25 31).	 (36)
(1 7 9 13 15 19 21 23 25 31).	 (60)
(3 7 9 13 15 19 21 23 25 31).	 (44)
(1 5 11 13 15 19 21 23 25 31).	 (52)
(3 5 11 13 15 19 21 23 25 31).	 (36)
(1 7 11 13 15 19 21 23 25 31).	 (60)
(3 7 11 13 15 19 21 23 25 31).	 (44)
(1 9 11 13 15 19 21 23 25 31).	 (60 52)
(3 9 11 13 15 19 21 23 25 31).	 (44 36)
(5 9 11 13 15 19 21 23 25 31).	 (52 36)
(7 9 11 13 15 19 21 23 25 31).	 (60 44)
(1 3 5 7 17 19 21 23 25 31).	 (28 20 12 4)
(1 3 5 9 17 19 21 23 25 31).	 (28 20)
(1 3 7 9 17 19 21 23 25 31).	 (28 20)
(1 5 7 9 17 19 21 23 25 31).	 (28 20)
(3 5 7 9 17 19 21 23 25 31).	 (28 20)
(1 3 5 11 17 19 21 23 25 31).	 (12 4)
(1 3 7 11 17 19 21 23 25 31).	 (12 4)
(1 5 7 11 17 19 21 23 25 31).	 (12 4)
(3 5 7 11 17 19 21 23 25 31).	 (12 4)
(1 5 9 11 17 19 21 23 25 31).	 (52)
(3 5 9 11 17 19 21 23 25 31).	 (36)
(1 7 9 11 17 19 21 23 25 31).	 (60)
(3 7 9 11 17 19 21 23 25 31).	 (44)
(1 3 5 13 17 19 21 23 25 31).	 (20 4)
(1 3 7 13 17 19 21 23 25 31).	 (20 4)
(1 5 7 13 17 19 21 23 25 31).	 (20 4)
(3 5 7 13 17 19 21 23 25 31).	 (20 4)
(1 3 9 13 17 19 21 23 25 31).	 (20)
(1 5 9 13 17 19 21 23 25 31).	 (52 20)
(3 5 9 13 17 19 21 23 25 31).	 (36 20)
(1 7 9 13 17 19 21 23 25 31).	 (60 20)
(3 7 9 13 17 19 21 23 25 31).	 (44 20)
(5 7 9 13 17 19 21 23 25 31).	 (20)
(1 3 11 13 17 19 21 23 25 31).	 (4)
(1 5 11 13 17 19 21 23 25 31).	 (52 4)
(3 5 11 13 17 19 21 23 25 31).	 (36 4)
(1 7 11 13 17 19 21 23 25 31).	 (60 4)
(3 7 11 13 17 19 21 23 25 31).	 (44 4)
(5 7 11 13 17 19 21 23 25 31).	 (4)
(1 9 11 13 17 19 21 23 25 31).	 (60 52)
(3 9 11 13 17 19 21 23 25 31).	 (44 36)
(5 9 11 13 17 19 21 23 25 31).	 (52 36)
(7 9 11 13 17 19 21 23 25 31).	 (60 44)
(1 3 5 15 17 19 21 23 25 31).	 (28 12)
(1 3 7 15 17 19 21 23 25 31).	 (28 12)
(1 5 7 15 17 19 21 23 25 31).	 (28 12)
(3 5 7 15 17 19 21 23 25 31).	 (28 12)
(1 3 9 15 17 19 21 23 25 31).	 (28)
(1 5 9 15 17 19 21 23 25 31).	 (52 28)
(3 5 9 15 17 19 21 23 25 31).	 (36 28)
(1 7 9 15 17 19 21 23 25 31).	 (60 28)
(3 7 9 15 17 19 21 23 25 31).	 (44 28)
(5 7 9 15 17 19 21 23 25 31).	 (28)
(1 3 11 15 17 19 21 23 25 31).	 (12)
(1 5 11 15 17 19 21 23 25 31).	 (52 12)
(3 5 11 15 17 19 21 23 25 31).	 (36 12)
(1 7 11 15 17 19 21 23 25 31).	 (60 12)
(3 7 11 15 17 19 21 23 25 31).	 (44 12)
(5 7 11 15 17 19 21 23 25 31).	 (12)
(1 9 11 15 17 19 21 23 25 31).	 (60 52)
(3 9 11 15 17 19 21 23 25 31).	 (44 36)
(5 9 11 15 17 19 21 23 25 31).	 (52 36)
(7 9 11 15 17 19 21 23 25 31).	 (60 44)
(1 5 13 15 17 19 21 23 25 31).	 (52)
(3 5 13 15 17 19 21 23 25 31).	 (36)
(1 7 13 15 17 19 21 23 25 31).	 (60)
(3 7 13 15 17 19 21 23 25 31).	 (44)
(1 9 13 15 17 19 21 23 25 31).	 (60 52)
(3 9 13 15 17 19 21 23 25 31).	 (44 36)
(5 9 13 15 17 19 21 23 25 31).	 (52 36)
(7 9 13 15 17 19 21 23 25 31).	 (60 44)
(1 11 13 15 17 19 21 23 25 31).	 (60 52)
(3 11 13 15 17 19 21 23 25 31).	 (44 36)
(5 11 13 15 17 19 21 23 25 31).	 (52 36)
(7 11 13 15 17 19 21 23 25 31).	 (60 44)
(9 11 13 15 17 19 21 23 25 31).	 (60 52 44 36)
(1 3 5 7 9 13 17 19 27 31).	 (22)
(1 3 5 7 11 13 17 19 27 31).	 (6)
(1 3 5 7 9 15 17 19 27 31).	 (30)
(1 3 5 7 11 15 17 19 27 31).	 (14)
(1 5 9 11 13 15 17 19 27 31).	 (54)
(3 5 9 11 13 15 17 19 27 31).	 (38)
(1 7 9 11 13 15 17 19 27 31).	 (62)
(3 7 9 11 13 15 17 19 27 31).	 (46)
(1 3 5 7 9 13 17 21 27 31).	 (22 17)
(1 3 5 7 11 13 17 21 27 31).	 (6 1)
(1 3 5 7 9 15 17 21 27 31).	 (30 25)
(1 3 5 7 11 15 17 21 27 31).	 (14 9)
(1 5 9 11 13 15 17 21 27 31).	 (54 49)
(3 5 9 11 13 15 17 21 27 31).	 (38 33)
(1 7 9 11 13 15 17 21 27 31).	 (62 57)
(3 7 9 11 13 15 17 21 27 31).	 (46 41)
(1 3 5 7 9 13 19 21 27 31).	 (22 19)
(1 3 5 7 11 13 19 21 27 31).	 (6 3)
(1 3 5 7 9 15 19 21 27 31).	 (30 27)
(1 3 5 7 11 15 19 21 27 31).	 (14 11)
(1 5 9 11 13 15 19 21 27 31).	 (54 51)
(3 5 9 11 13 15 19 21 27 31).	 (38 35)
(1 7 9 11 13 15 19 21 27 31).	 (62 59)
(3 7 9 11 13 15 19 21 27 31).	 (46 43)
(1 3 5 7 9 17 19 21 27 31).	 (30 22)
(1 3 5 7 11 17 19 21 27 31).	 (14 6)
(1 3 5 7 13 17 19 21 27 31).	 (22 6)
(1 3 5 9 13 17 19 21 27 31).	 (22)
(1 3 7 9 13 17 19 21 27 31).	 (22)
(1 5 7 9 13 17 19 21 27 31).	 (22)
(3 5 7 9 13 17 19 21 27 31).	 (22)
(1 3 5 11 13 17 19 21 27 31).	 (6)
(1 3 7 11 13 17 19 21 27 31).	 (6)
(1 5 7 11 13 17 19 21 27 31).	 (6)
(3 5 7 11 13 17 19 21 27 31).	 (6)
(1 5 9 11 13 17 19 21 27 31).	 (54)
(3 5 9 11 13 17 19 21 27 31).	 (38)
(1 7 9 11 13 17 19 21 27 31).	 (62)
(3 7 9 11 13 17 19 21 27 31).	 (46)
(1 3 5 7 15 17 19 21 27 31).	 (30 14)
(1 3 5 9 15 17 19 21 27 31).	 (30)
(1 3 7 9 15 17 19 21 27 31).	 (30)
(1 5 7 9 15 17 19 21 27 31).	 (30)
(3 5 7 9 15 17 19 21 27 31).	 (30)
(1 3 5 11 15 17 19 21 27 31).	 (14)
(1 3 7 11 15 17 19 21 27 31).	 (14)
(1 5 7 11 15 17 19 21 27 31).	 (14)
(3 5 7 11 15 17 19 21 27 31).	 (14)
(1 5 9 11 15 17 19 21 27 31).	 (54)
(3 5 9 11 15 17 19 21 27 31).	 (38)
(1 7 9 11 15 17 19 21 27 31).	 (62)
(3 7 9 11 15 17 19 21 27 31).	 (46)
(1 5 9 13 15 17 19 21 27 31).	 (54)
(3 5 9 13 15 17 19 21 27 31).	 (38)
(1 7 9 13 15 17 19 21 27 31).	 (62)
(3 7 9 13 15 17 19 21 27 31).	 (46)
(1 5 11 13 15 17 19 21 27 31).	 (54)
(3 5 11 13 15 17 19 21 27 31).	 (38)
(1 7 11 13 15 17 19 21 27 31).	 (62)
(3 7 11 13 15 17 19 21 27 31).	 (46)
(1 9 11 13 15 17 19 21 27 31).	 (62 54)
(3 9 11 13 15 17 19 21 27 31).	 (46 38)
(5 9 11 13 15 17 19 21 27 31).	 (54 38)
(7 9 11 13 15 17 19 21 27 31).	 (62 46)
(1 3 5 7 9 13 17 23 27 31).	 (22 16)
(1 3 5 7 11 13 17 23 27 31).	 (6 0)
(1 3 5 7 9 15 17 23 27 31).	 (30 24)
(1 3 5 7 11 15 17 23 27 31).	 (14 8)
(1 5 9 11 13 15 17 23 27 31).	 (54 48)
(3 5 9 11 13 15 17 23 27 31).	 (38 32)
(1 7 9 11 13 15 17 23 27 31).	 (62 56)
(3 7 9 11 13 15 17 23 27 31).	 (46 40)
(1 3 5 7 9 13 19 23 27 31).	 (22 18)
(1 3 5 7 11 13 19 23 27 31).	 (6 2)
(1 3 5 7 9 15 19 23 27 31).	 (30 26)
(1 3 5 7 11 15 19 23 27 31).	 (14 10)
(1 5 9 11 13 15 19 23 27 31).	 (54 50)
(3 5 9 11 13 15 19 23 27 31).	 (38 34)
(1 7 9 11 13 15 19 23 27 31).	 (62 58)
(3 7 9 11 13 15 19 23 27 31).	 (46 42)
(1 3 5 7 9 17 19 23 27 31).	 (30 22)
(1 3 5 7 11 17 19 23 27 31).	 (14 6)
(1 3 5 7 13 17 19 23 27 31).	 (22 6)
(1 3 5 9 13 17 19 23 27 31).	 (22)
(1 3 7 9 13 17 19 23 27 31).	 (22)
(1 5 7 9 13 17 19 23 27 31).	 (22)
(3 5 7 9 13 17 19 23 27 31).	 (22)
(1 3 5 11 13 17 19 23 27 31).	 (6)
(1 3 7 11 13 17 19 23 27 31).	 (6)
(1 5 7 11 13 17 19 23 27 31).	 (6)
(3 5 7 11 13 17 19 23 27 31).	 (6)
(1 5 9 11 13 17 19 23 27 31).	 (54)
(3 5 9 11 13 17 19 23 27 31).	 (38)
(1 7 9 11 13 17 19 23 27 31).	 (62)
(3 7 9 11 13 17 19 23 27 31).	 (46)
(1 3 5 7 15 17 19 23 27 31).	 (30 14)
(1 3 5 9 15 17 19 23 27 31).	 (30)
(1 3 7 9 15 17 19 23 27 31).	 (30)
(1 5 7 9 15 17 19 23 27 31).	 (30)
(3 5 7 9 15 17 19 23 27 31).	 (30)
(1 3 5 11 15 17 19 23 27 31).	 (14)
(1 3 7 11 15 17 19 23 27 31).	 (14)
(1 5 7 11 15 17 19 23 27 31).	 (14)
(3 5 7 11 15 17 19 23 27 31).	 (14)
(1 5 9 11 15 17 19 23 27 31).	 (54)
(3 5 9 11 15 17 19 23 27 31).	 (38)
(1 7 9 11 15 17 19 23 27 31).	 (62)
(3 7 9 11 15 17 19 23 27 31).	 (46)
(1 5 9 13 15 17 19 23 27 31).	 (54)
(3 5 9 13 15 17 19 23 27 31).	 (38)
(1 7 9 13 15 17 19 23 27 31).	 (62)
(3 7 9 13 15 17 19 23 27 31).	 (46)
(1 5 11 13 15 17 19 23 27 31).	 (54)
(3 5 11 13 15 17 19 23 27 31).	 (38)
(1 7 11 13 15 17 19 23 27 31).	 (62)
(3 7 11 13 15 17 19 23 27 31).	 (46)
(1 9 11 13 15 17 19 23 27 31).	 (62 54)
(3 9 11 13 15 17 19 23 27 31).	 (46 38)
(5 9 11 13 15 17 19 23 27 31).	 (54 38)
(7 9 11 13 15 17 19 23 27 31).	 (62 46)
(1 3 5 7 9 13 21 23 27 31).	 (22)
(1 3 5 7 11 13 21 23 27 31).	 (6)
(1 3 5 7 9 15 21 23 27 31).	 (30)
(1 3 5 7 11 15 21 23 27 31).	 (14)
(1 5 9 11 13 15 21 23 27 31).	 (54)
(3 5 9 11 13 15 21 23 27 31).	 (38)
(1 7 9 11 13 15 21 23 27 31).	 (62)
(3 7 9 11 13 15 21 23 27 31).	 (46)
(1 3 5 7 9 17 21 23 27 31).	 (30 22)
(1 3 5 7 11 17 21 23 27 31).	 (14 6)
(1 3 5 7 13 17 21 23 27 31).	 (22 6)
(1 3 5 9 13 17 21 23 27 31).	 (22)
(1 3 7 9 13 17 21 23 27 31).	 (22)
(1 5 7 9 13 17 21 23 27 31).	 (22)
(3 5 7 9 13 17 21 23 27 31).	 (22)
(1 3 5 11 13 17 21 23 27 31).	 (6)
(1 3 7 11 13 17 21 23 27 31).	 (6)
(1 5 7 11 13 17 21 23 27 31).	 (6)
(3 5 7 11 13 17 21 23 27 31).	 (6)
(1 5 9 11 13 17 21 23 27 31).	 (54)
(3 5 9 11 13 17 21 23 27 31).	 (38)
(1 7 9 11 13 17 21 23 27 31).	 (62)
(3 7 9 11 13 17 21 23 27 31).	 (46)
(1 3 5 7 15 17 21 23 27 31).	 (30 14)
(1 3 5 9 15 17 21 23 27 31).	 (30)
(1 3 7 9 15 17 21 23 27 31).	 (30)
(1 5 7 9 15 17 21 23 27 31).	 (30)
(3 5 7 9 15 17 21 23 27 31).	 (30)
(1 3 5 11 15 17 21 23 27 31).	 (14)
(1 3 7 11 15 17 21 23 27 31).	 (14)
(1 5 7 11 15 17 21 23 27 31).	 (14)
(3 5 7 11 15 17 21 23 27 31).	 (14)
(1 5 9 11 15 17 21 23 27 31).	 (54)
(3 5 9 11 15 17 21 23 27 31).	 (38)
(1 7 9 11 15 17 21 23 27 31).	 (62)
(3 7 9 11 15 17 21 23 27 31).	 (46)
(1 5 9 13 15 17 21 23 27 31).	 (54)
(3 5 9 13 15 17 21 23 27 31).	 (38)
(1 7 9 13 15 17 21 23 27 31).	 (62)
(3 7 9 13 15 17 21 23 27 31).	 (46)
(1 5 11 13 15 17 21 23 27 31).	 (54)
(3 5 11 13 15 17 21 23 27 31).	 (38)
(1 7 11 13 15 17 21 23 27 31).	 (62)
(3 7 11 13 15 17 21 23 27 31).	 (46)
(1 9 11 13 15 17 21 23 27 31).	 (62 54)
(3 9 11 13 15 17 21 23 27 31).	 (46 38)
(5 9 11 13 15 17 21 23 27 31).	 (54 38)
(7 9 11 13 15 17 21 23 27 31).	 (62 46)
(1 3 5 7 9 19 21 23 27 31).	 (30 22)
(1 3 5 7 11 19 21 23 27 31).	 (14 6)
(1 3 5 7 13 19 21 23 27 31).	 (22 6)
(1 3 5 9 13 19 21 23 27 31).	 (22)
(1 3 7 9 13 19 21 23 27 31).	 (22)
(1 5 7 9 13 19 21 23 27 31).	 (22)
(3 5 7 9 13 19 21 23 27 31).	 (22)
(1 3 5 11 13 19 21 23 27 31).	 (6)
(1 3 7 11 13 19 21 23 27 31).	 (6)
(1 5 7 11 13 19 21 23 27 31).	 (6)
(3 5 7 11 13 19 21 23 27 31).	 (6)
(1 5 9 11 13 19 21 23 27 31).	 (54)
(3 5 9 11 13 19 21 23 27 31).	 (38)
(1 7 9 11 13 19 21 23 27 31).	 (62)
(3 7 9 11 13 19 21 23 27 31).	 (46)
(1 3 5 7 15 19 21 23 27 31).	 (30 14)
(1 3 5 9 15 19 21 23 27 31).	 (30)
(1 3 7 9 15 19 21 23 27 31).	 (30)
(1 5 7 9 15 19 21 23 27 31).	 (30)
(3 5 7 9 15 19 21 23 27 31).	 (30)
(1 3 5 11 15 19 21 23 27 31).	 (14)
(1 3 7 11 15 19 21 23 27 31).	 (14)
(1 5 7 11 15 19 21 23 27 31).	 (14)
(3 5 7 11 15 19 21 23 27 31).	 (14)
(1 5 9 11 15 19 21 23 27 31).	 (54)
(3 5 9 11 15 19 21 23 27 31).	 (38)
(1 7 9 11 15 19 21 23 27 31).	 (62)
(3 7 9 11 15 19 21 23 27 31).	 (46)
(1 5 9 13 15 19 21 23 27 31).	 (54)
(3 5 9 13 15 19 21 23 27 31).	 (38)
(1 7 9 13 15 19 21 23 27 31).	 (62)
(3 7 9 13 15 19 21 23 27 31).	 (46)
(1 5 11 13 15 19 21 23 27 31).	 (54)
(3 5 11 13 15 19 21 23 27 31).	 (38)
(1 7 11 13 15 19 21 23 27 31).	 (62)
(3 7 11 13 15 19 21 23 27 31).	 (46)
(1 9 11 13 15 19 21 23 27 31).	 (62 54)
(3 9 11 13 15 19 21 23 27 31).	 (46 38)
(5 9 11 13 15 19 21 23 27 31).	 (54 38)
(7 9 11 13 15 19 21 23 27 31).	 (62 46)
(1 3 5 7 17 19 21 23 27 31).	 (30 22 14 6)
(1 3 5 9 17 19 21 23 27 31).	 (30 22)
(1 3 7 9 17 19 21 23 27 31).	 (30 22)
(1 5 7 9 17 19 21 23 27 31).	 (30 22)
(3 5 7 9 17 19 21 23 27 31).	 (30 22)
(1 3 5 11 17 19 21 23 27 31).	 (14 6)
(1 3 7 11 17 19 21 23 27 31).	 (14 6)
(1 5 7 11 17 19 21 23 27 31).	 (14 6)
(3 5 7 11 17 19 21 23 27 31).	 (14 6)
(1 5 9 11 17 19 21 23 27 31).	 (54)
(3 5 9 11 17 19 21 23 27 31).	 (38)
(1 7 9 11 17 19 21 23 27 31).	 (62)
(3 7 9 11 17 19 21 23 27 31).	 (46)
(1 3 5 13 17 19 21 23 27 31).	 (22 6)
(1 3 7 13 17 19 21 23 27 31).	 (22 6)
(1 5 7 13 17 19 21 23 27 31).	 (22 6)
(3 5 7 13 17 19 21 23 27 31).	 (22 6)
(1 3 9 13 17 19 21 23 27 31).	 (22)
(1 5 9 13 17 19 21 23 27 31).	 (54 22)
(3 5 9 13 17 19 21 23 27 31).	 (38 22)
(1 7 9 13 17 19 21 23 27 31).	 (62 22)
(3 7 9 13 17 19 21 23 27 31).	 (46 22)
(5 7 9 13 17 19 21 23 27 31).	 (22)
(1 3 11 13 17 19 21 23 27 31).	 (6)
(1 5 11 13 17 19 21 23 27 31).	 (54 6)
(3 5 11 13 17 19 21 23 27 31).	 (38 6)
(1 7 11 13 17 19 21 23 27 31).	 (62 6)
(3 7 11 13 17 19 21 23 27 31).	 (46 6)
(5 7 11 13 17 19 21 23 27 31).	 (6)
(1 9 11 13 17 19 21 23 27 31).	 (62 54)
(3 9 11 13 17 19 21 23 27 31).	 (46 38)
(5 9 11 13 17 19 21 23 27 31).	 (54 38)
(7 9 11 13 17 19 21 23 27 31).	 (62 46)
(1 3 5 15 17 19 21 23 27 31).	 (30 14)
(1 3 7 15 17 19 21 23 27 31).	 (30 14)
(1 5 7 15 17 19 21 23 27 31).	 (30 14)
(3 5 7 15 17 19 21 23 27 31).	 (30 14)
(1 3 9 15 17 19 21 23 27 31).	 (30)
(1 5 9 15 17 19 21 23 27 31).	 (54 30)
(3 5 9 15 17 19 21 23 27 31).	 (38 30)
(1 7 9 15 17 19 21 23 27 31).	 (62 30)
(3 7 9 15 17 19 21 23 27 31).	 (46 30)
(5 7 9 15 17 19 21 23 27 31).	 (30)
(1 3 11 15 17 19 21 23 27 31).	 (14)
(1 5 11 15 17 19 21 23 27 31).	 (54 14)
(3 5 11 15 17 19 21 23 27 31).	 (38 14)
(1 7 11 15 17 19 21 23 27 31).	 (62 14)
(3 7 11 15 17 19 21 23 27 31).	 (46 14)
(5 7 11 15 17 19 21 23 27 31).	 (14)
(1 9 11 15 17 19 21 23 27 31).	 (62 54)
(3 9 11 15 17 19 21 23 27 31).	 (46 38)
(5 9 11 15 17 19 21 23 27 31).	 (54 38)
(7 9 11 15 17 19 21 23 27 31).	 (62 46)
(1 5 13 15 17 19 21 23 27 31).	 (54)
(3 5 13 15 17 19 21 23 27 31).	 (38)
(1 7 13 15 17 19 21 23 27 31).	 (62)
(3 7 13 15 17 19 21 23 27 31).	 (46)
(1 9 13 15 17 19 21 23 27 31).	 (62 54)
(3 9 13 15 17 19 21 23 27 31).	 (46 38)
(5 9 13 15 17 19 21 23 27 31).	 (54 38)
(7 9 13 15 17 19 21 23 27 31).	 (62 46)
(1 11 13 15 17 19 21 23 27 31).	 (62 54)
(3 11 13 15 17 19 21 23 27 31).	 (46 38)
(5 11 13 15 17 19 21 23 27 31).	 (54 38)
(7 11 13 15 17 19 21 23 27 31).	 (62 46)
(9 11 13 15 17 19 21 23 27 31).	 (62 54 46 38)
(1 3 5 7 9 13 17 25 27 31).	 (17 16)
(1 3 5 7 11 13 17 25 27 31).	 (1 0)
(1 3 5 7 9 15 17 25 27 31).	 (25 24)
(1 3 5 7 11 15 17 25 27 31).	 (9 8)
(1 5 9 11 13 15 17 25 27 31).	 (49 48)
(3 5 9 11 13 15 17 25 27 31).	 (33 32)
(1 7 9 11 13 15 17 25 27 31).	 (57 56)
(3 7 9 11 13 15 17 25 27 31).	 (41 40)
(1 3 5 7 9 13 19 25 27 31).	 (19 18)
(1 3 5 7 11 13 19 25 27 31).	 (3 2)
(1 3 5 7 9 15 19 25 27 31).	 (27 26)
(1 3 5 7 11 15 19 25 27 31).	 (11 10)
(1 5 9 11 13 15 19 25 27 31).	 (51 50)
(3 5 9 11 13 15 19 25 27 31).	 (35 34)
(1 7 9 11 13 15 19 25 27 31).	 (59 58)
(3 7 9 11 13 15 19 25 27 31).	 (43 42)
(1 3 5 7 9 13 21 25 27 31).	 (19 17)
(1 3 5 7 11 13 21 25 27 31).	 (3 1)
(1 3 5 7 9 15 21 25 27 31).	 (27 25)
(1 3 5 7 11 15 21 25 27 31).	 (11 9)
(1 5 9 11 13 15 21 25 27 31).	 (51 49)
(3 5 9 11 13 15 21 25 27 31).	 (35 33)
(1 7 9 11 13 15 21 25 27 31).	 (59 57)
(3 7 9 11 13 15 21 25 27 31).	 (43 41)
(1 3 5 7 9 17 21 25 27 31).	 (25 17)
(1 3 5 7 11 17 21 25 27 31).	 (9 1)
(1 3 5 7 13 17 21 25 27 31).	 (17 1)
(1 3 5 9 13 17 21 25 27 31).	 (17)
(1 3 7 9 13 17 21 25 27 31).	 (17)
(1 5 7 9 13 17 21 25 27 31).	 (17)
(3 5 7 9 13 17 21 25 27 31).	 (17)
(1 3 5 11 13 17 21 25 27 31).	 (1)
(1 3 7 11 13 17 21 25 27 31).	 (1)
(1 5 7 11 13 17 21 25 27 31).	 (1)
(3 5 7 11 13 17 21 25 27 31).	 (1)
(1 5 9 11 13 17 21 25 27 31).	 (49)
(3 5 9 11 13 17 21 25 27 31).	 (33)
(1 7 9 11 13 17 21 25 27 31).	 (57)
(3 7 9 11 13 17 21 25 27 31).	 (41)
(1 3 5 7 15 17 21 25 27 31).	 (25 9)
(1 3 5 9 15 17 21 25 27 31).	 (25)
(1 3 7 9 15 17 21 25 27 31).	 (25)
(1 5 7 9 15 17 21 25 27 31).	 (25)
(3 5 7 9 15 17 21 25 27 31).	 (25)
(1 3 5 11 15 17 21 25 27 31).	 (9)
(1 3 7 11 15 17 21 25 27 31).	 (9)
(1 5 7 11 15 17 21 25 27 31).	 (9)
(3 5 7 11 15 17 21 25 27 31).	 (9)
(1 5 9 11 15 17 21 25 27 31).	 (49)
(3 5 9 11 15 17 21 25 27 31).	 (33)
(1 7 9 11 15 17 21 25 27 31).	 (57)
(3 7 9 11 15 17 21 25 27 31).	 (41)
(1 5 9 13 15 17 21 25 27 31).	 (49)
(3 5 9 13 15 17 21 25 27 31).	 (33)
(1 7 9 13 15 17 21 25 27 31).	 (57)
(3 7 9 13 15 17 21 25 27 31).	 (41)
(1 5 11 13 15 17 21 25 27 31).	 (49)
(3 5 11 13 15 17 21 25 27 31).	 (33)
(1 7 11 13 15 17 21 25 27 31).	 (57)
(3 7 11 13 15 17 21 25 27 31).	 (41)
(1 9 11 13 15 17 21 25 27 31).	 (57 49)
(3 9 11 13 15 17 21 25 27 31).	 (41 33)
(5 9 11 13 15 17 21 25 27 31).	 (49 33)
(7 9 11 13 15 17 21 25 27 31).	 (57 41)
(1 3 5 7 9 19 21 25 27 31).	 (27 19)
(1 3 5 7 11 19 21 25 27 31).	 (11 3)
(1 3 5 7 13 19 21 25 27 31).	 (19 3)
(1 3 5 9 13 19 21 25 27 31).	 (19)
(1 3 7 9 13 19 21 25 27 31).	 (19)
(1 5 7 9 13 19 21 25 27 31).	 (19)
(3 5 7 9 13 19 21 25 27 31).	 (19)
(1 3 5 11 13 19 21 25 27 31).	 (3)
(1 3 7 11 13 19 21 25 27 31).	 (3)
(1 5 7 11 13 19 21 25 27 31).	 (3)
(3 5 7 11 13 19 21 25 27 31).	 (3)
(1 5 9 11 13 19 21 25 27 31).	 (51)
(3 5 9 11 13 19 21 25 27 31).	 (35)
(1 7 9 11 13 19 21 25 27 31).	 (59)
(3 7 9 11 13 19 21 25 27 31).	 (43)
(1 3 5 7 15 19 21 25 27 31).	 (27 11)
(1 3 5 9 15 19 21 25 27 31).	 (27)
(1 3 7 9 15 19 21 25 27 31).	 (27)
(1 5 7 9 15 19 21 25 27 31).	 (27)
(3 5 7 9 15 19 21 25 27 31).	 (27)
(1 3 5 11 15 19 21 25 27 31).	 (11)
(1 3 7 11 15 19 21 25 27 31).	 (11)
(1 5 7 11 15 19 21 25 27 31).	 (11)
(3 5 7 11 15 19 21 25 27 31).	 (11)
(1 5 9 11 15 19 21 25 27 31).	 (51)
(3 5 9 11 15 19 21 25 27 31).	 (35)
(1 7 9 11 15 19 21 25 27 31).	 (59)
(3 7 9 11 15 19 21 25 27 31).	 (43)
(1 5 9 13 15 19 21 25 27 31).	 (51)
(3 5 9 13 15 19 21 25 27 31).	 (35)
(1 7 9 13 15 19 21 25 27 31).	 (59)
(3 7 9 13 15 19 21 25 27 31).	 (43)
(1 5 11 13 15 19 21 25 27 31).	 (51)
(3 5 11 13 15 19 21 25 27 31).	 (35)
(1 7 11 13 15 19 21 25 27 31).	 (59)
(3 7 11 13 15 19 21 25 27 31).	 (43)
(1 9 11 13 15 19 21 25 27 31).	 (59 51)
(3 9 11 13 15 19 21 25 27 31).	 (43 35)
(5 9 11 13 15 19 21 25 27 31).	 (51 35)
(7 9 11 13 15 19 21 25 27 31).	 (59 43)
(1 3 5 7 9 13 23 25 27 31).	 (18 16)
(1 3 5 7 11 13 23 25 27 31).	 (2 0)
(1 3 5 7 9 15 23 25 27 31).	 (26 24)
(1 3 5 7 11 15 23 25 27 31).	 (10 8)
(1 5 9 11 13 15 23 25 27 31).	 (50 48)
(3 5 9 11 13 15 23 25 27 31).	 (34 32)
(1 7 9 11 13 15 23 25 27 31).	 (58 56)
(3 7 9 11 13 15 23 25 27 31).	 (42 40)
(1 3 5 7 9 17 23 25 27 31).	 (24 16)
(1 3 5 7 11 17 23 25 27 31).	 (8 0)
(1 3 5 7 13 17 23 25 27 31).	 (16 0)
(1 3 5 9 13 17 23 25 27 31).	 (16)
(1 3 7 9 13 17 23 25 27 31).	 (16)
(1 5 7 9 13 17 23 25 27 31).	 (16)
(3 5 7 9 13 17 23 25 27 31).	 (16)
(1 3 5 11 13 17 23 25 27 31).	 (0)
(1 3 7 11 13 17 23 25 27 31).	 (0)
(1 5 7 11 13 17 23 25 27 31).	 (0)
(3 5 7 11 13 17 23 25 27 31).	 (0)
(1 5 9 11 13 17 23 25 27 31).	 (48)
(3 5 9 11 13 17 23 25 27 31).	 (32)
(1 7 9 11 13 17 23 25 27 31).	 (56)
(3 7 9 11 13 17 23 25 27 31).	 (40)
(1 3 5 7 15 17 23 25 27 31).	 (24 8)
(1 3 5 9 15 17 23 25 27 31).	 (24)
(1 3 7 9 15 17 23 25 27 31).	 (24)
(1 5 7 9 15 17 23 25 27 31).	 (24)
(3 5 7 9 15 17 23 25 27 31).	 (24)
(1 3 5 11 15 17 23 25 27 31).	 (8)
(1 3 7 11 15 17 23 25 27 31).	 (8)
(1 5 7 11 15 17 23 25 27 31).	 (8)
(3 5 7 11 15 17 23 25 27 31).	 (8)
(1 5 9 11 15 17 23 25 27 31).	 (48)
(3 5 9 11 15 17 23 25 27 31).	 (32)
(1 7 9 11 15 17 23 25 27 31).	 (56)
(3 7 9 11 15 17 23 25 27 31).	 (40)
(1 5 9 13 15 17 23 25 27 31).	 (48)
(3 5 9 13 15 17 23 25 27 31).	 (32)
(1 7 9 13 15 17 23 25 27 31).	 (56)
(3 7 9 13 15 17 23 25 27 31).	 (40)
(1 5 11 13 15 17 23 25 27 31).	 (48)
(3 5 11 13 15 17 23 25 27 31).	 (32)
(1 7 11 13 15 17 23 25 27 31).	 (56)
(3 7 11 13 15 17 23 25 27 31).	 (40)
(1 9 11 13 15 17 23 25 27 31).	 (56 48)
(3 9 11 13 15 17 23 25 27 31).	 (40 32)
(5 9 11 13 15 17 23 25 27 31).	 (48 32)
(7 9 11 13 15 17 23 25 27 31).	 (56 40)
(1 3 5 7 9 19 23 25 27 31).	 (26 18)
(1 3 5 7 11 19 23 25 27 31).	 (10 2)
(1 3 5 7 13 19 23 25 27 31).	 (18 2)
(1 3 5 9 13 19 23 25 27 31).	 (18)
(1 3 7 9 13 19 23 25 27 31).	 (18)
(1 5 7 9 13 19 23 25 27 31).	 (18)
(3 5 7 9 13 19 23 25 27 31).	 (18)
(1 3 5 11 13 19 23 25 27 31).	 (2)
(1 3 7 11 13 19 23 25 27 31).	 (2)
(1 5 7 11 13 19 23 25 27 31).	 (2)
(3 5 7 11 13 19 23 25 27 31).	 (2)
(1 5 9 11 13 19 23 25 27 31).	 (50)
(3 5 9 11 13 19 23 25 27 31).	 (34)
(1 7 9 11 13 19 23 25 27 31).	 (58)
(3 7 9 11 13 19 23 25 27 31).	 (42)
(1 3 5 7 15 19 23 25 27 31).	 (26 10)
(1 3 5 9 15 19 23 25 27 31).	 (26)
(1 3 7 9 15 19 23 25 27 31).	 (26)
(1 5 7 9 15 19 23 25 27 31).	 (26)
(3 5 7 9 15 19 23 25 27 31).	 (26)
(1 3 5 11 15 19 23 25 27 31).	 (10)
(1 3 7 11 15 19 23 25 27 31).	 (10)
(1 5 7 11 15 19 23 25 27 31).	 (10)
(3 5 7 11 15 19 23 25 27 31).	 (10)
(1 5 9 11 15 19 23 25 27 31).	 (50)
(3 5 9 11 15 19 23 25 27 31).	 (34)
(1 7 9 11 15 19 23 25 27 31).	 (58)
(3 7 9 11 15 19 23 25 27 31).	 (42)
(1 5 9 13 15 19 23 25 27 31).	 (50)
(3 5 9 13 15 19 23 25 27 31).	 (34)
(1 7 9 13 15 19 23 25 27 31).	 (58)
(3 7 9 13 15 19 23 25 27 31).	 (42)
(1 5 11 13 15 19 23 25 27 31).	 (50)
(3 5 11 13 15 19 23 25 27 31).	 (34)
(1 7 11 13 15 19 23 25 27 31).	 (58)
(3 7 11 13 15 19 23 25 27 31).	 (42)
(1 9 11 13 15 19 23 25 27 31).	 (58 50)
(3 9 11 13 15 19 23 25 27 31).	 (42 34)
(5 9 11 13 15 19 23 25 27 31).	 (50 34)
(7 9 11 13 15 19 23 25 27 31).	 (58 42)
(1 3 5 7 9 13 17 21 29 31).	 (17)
(1 3 5 7 11 13 17 21 29 31).	 (1)
(1 3 5 7 9 15 17 21 29 31).	 (25)
(1 3 5 7 11 15 17 21 29 31).	 (9)
(1 5 9 11 13 15 17 21 29 31).	 (49)
(3 5 9 11 13 15 17 21 29 31).	 (33)
(1 7 9 11 13 15 17 21 29 31).	 (57)
(3 7 9 11 13 15 17 21 29 31).	 (41)
(1 3 5 7 9 13 19 21 29 31).	 (19)
(1 3 5 7 11 13 19 21 29 31).	 (3)
(1 3 5 7 9 15 19 21 29 31).	 (27)
(1 3 5 7 11 15 19 21 29 31).	 (11)
(1 5 9 11 13 15 19 21 29 31).	 (51)
(3 5 9 11 13 15 19 21 29 31).	 (35)
(1 7 9 11 13 15 19 21 29 31).	 (59)
(3 7 9 11 13 15 19 21 29 31).	 (43)
(1 3 5 7 9 13 17 23 29 31).	 (16)
(1 3 5 7 11 13 17 23 29 31).	 (0)
(1 3 5 7 9 15 17 23 29 31).	 (24)
(1 3 5 7 11 15 17 23 29 31).	 (8)
(1 5 9 11 13 15 17 23 29 31).	 (48)
(3 5 9 11 13 15 17 23 29 31).	 (32)
(1 7 9 11 13 15 17 23 29 31).	 (56)
(3 7 9 11 13 15 17 23 29 31).	 (40)
(1 3 5 7 9 13 19 23 29 31).	 (18)
(1 3 5 7 11 13 19 23 29 31).	 (2)
(1 3 5 7 9 15 19 23 29 31).	 (26)
(1 3 5 7 11 15 19 23 29 31).	 (10)
(1 5 9 11 13 15 19 23 29 31).	 (50)
(3 5 9 11 13 15 19 23 29 31).	 (34)
(1 7 9 11 13 15 19 23 29 31).	 (58)
(3 7 9 11 13 15 19 23 29 31).	 (42)
(1 3 5 7 9 13 17 25 29 31).	 (17 16)
(1 3 5 7 11 13 17 25 29 31).	 (1 0)
(1 3 5 7 9 15 17 25 29 31).	 (25 24)
(1 3 5 7 11 15 17 25 29 31).	 (9 8)
(1 5 9 11 13 15 17 25 29 31).	 (49 48)
(3 5 9 11 13 15 17 25 29 31).	 (33 32)
(1 7 9 11 13 15 17 25 29 31).	 (57 56)
(3 7 9 11 13 15 17 25 29 31).	 (41 40)
(1 3 5 7 9 13 19 25 29 31).	 (19 18)
(1 3 5 7 11 13 19 25 29 31).	 (3 2)
(1 3 5 7 9 15 19 25 29 31).	 (27 26)
(1 3 5 7 11 15 19 25 29 31).	 (11 10)
(1 5 9 11 13 15 19 25 29 31).	 (51 50)
(3 5 9 11 13 15 19 25 29 31).	 (35 34)
(1 7 9 11 13 15 19 25 29 31).	 (59 58)
(3 7 9 11 13 15 19 25 29 31).	 (43 42)
(1 3 5 7 9 13 21 25 29 31).	 (19 17)
(1 3 5 7 11 13 21 25 29 31).	 (3 1)
(1 3 5 7 9 15 21 25 29 31).	 (27 25)
(1 3 5 7 11 15 21 25 29 31).	 (11 9)
(1 5 9 11 13 15 21 25 29 31).	 (51 49)
(3 5 9 11 13 15 21 25 29 31).	 (35 33)
(1 7 9 11 13 15 21 25 29 31).	 (59 57)
(3 7 9 11 13 15 21 25 29 31).	 (43 41)
(1 3 5 7 9 17 21 25 29 31).	 (25 17)
(1 3 5 7 11 17 21 25 29 31).	 (9 1)
(1 3 5 7 13 17 21 25 29 31).	 (17 1)
(1 3 5 9 13 17 21 25 29 31).	 (17)
(1 3 7 9 13 17 21 25 29 31).	 (17)
(1 5 7 9 13 17 21 25 29 31).	 (17)
(3 5 7 9 13 17 21 25 29 31).	 (17)
(1 3 5 11 13 17 21 25 29 31).	 (1)
(1 3 7 11 13 17 21 25 29 31).	 (1)
(1 5 7 11 13 17 21 25 29 31).	 (1)
(3 5 7 11 13 17 21 25 29 31).	 (1)
(1 5 9 11 13 17 21 25 29 31).	 (49)
(3 5 9 11 13 17 21 25 29 31).	 (33)
(1 7 9 11 13 17 21 25 29 31).	 (57)
(3 7 9 11 13 17 21 25 29 31).	 (41)
(1 3 5 7 15 17 21 25 29 31).	 (25 9)
(1 3 5 9 15 17 21 25 29 31).	 (25)
(1 3 7 9 15 17 21 25 29 31).	 (25)
(1 5 7 9 15 17 21 25 29 31).	 (25)
(3 5 7 9 15 17 21 25 29 31).	 (25)
(1 3 5 11 15 17 21 25 29 31).	 (9)
(1 3 7 11 15 17 21 25 29 31).	 (9)
(1 5 7 11 15 17 21 25 29 31).	 (9)
(3 5 7 11 15 17 21 25 29 31).	 (9)
(1 5 9 11 15 17 21 25 29 31).	 (49)
(3 5 9 11 15 17 21 25 29 31).	 (33)
(1 7 9 11 15 17 21 25 29 31).	 (57)
(3 7 9 11 15 17 21 25 29 31).	 (41)
(1 5 9 13 15 17 21 25 29 31).	 (49)
(3 5 9 13 15 17 21 25 29 31).	 (33)
(1 7 9 13 15 17 21 25 29 31).	 (57)
(3 7 9 13 15 17 21 25 29 31).	 (41)
(1 5 11 13 15 17 21 25 29 31).	 (49)
(3 5 11 13 15 17 21 25 29 31).	 (33)
(1 7 11 13 15 17 21 25 29 31).	 (57)
(3 7 11 13 15 17 21 25 29 31).	 (41)
(1 9 11 13 15 17 21 25 29 31).	 (57 49)
(3 9 11 13 15 17 21 25 29 31).	 (41 33)
(5 9 11 13 15 17 21 25 29 31).	 (49 33)
(7 9 11 13 15 17 21 25 29 31).	 (57 41)
(1 3 5 7 9 19 21 25 29 31).	 (27 19)
(1 3 5 7 11 19 21 25 29 31).	 (11 3)
(1 3 5 7 13 19 21 25 29 31).	 (19 3)
(1 3 5 9 13 19 21 25 29 31).	 (19)
(1 3 7 9 13 19 21 25 29 31).	 (19)
(1 5 7 9 13 19 21 25 29 31).	 (19)
(3 5 7 9 13 19 21 25 29 31).	 (19)
(1 3 5 11 13 19 21 25 29 31).	 (3)
(1 3 7 11 13 19 21 25 29 31).	 (3)
(1 5 7 11 13 19 21 25 29 31).	 (3)
(3 5 7 11 13 19 21 25 29 31).	 (3)
(1 5 9 11 13 19 21 25 29 31).	 (51)
(3 5 9 11 13 19 21 25 29 31).	 (35)
(1 7 9 11 13 19 21 25 29 31).	 (59)
(3 7 9 11 13 19 21 25 29 31).	 (43)
(1 3 5 7 15 19 21 25 29 31).	 (27 11)
(1 3 5 9 15 19 21 25 29 31).	 (27)
(1 3 7 9 15 19 21 25 29 31).	 (27)
(1 5 7 9 15 19 21 25 29 31).	 (27)
(3 5 7 9 15 19 21 25 29 31).	 (27)
(1 3 5 11 15 19 21 25 29 31).	 (11)
(1 3 7 11 15 19 21 25 29 31).	 (11)
(1 5 7 11 15 19 21 25 29 31).	 (11)
(3 5 7 11 15 19 21 25 29 31).	 (11)
(1 5 9 11 15 19 21 25 29 31).	 (51)
(3 5 9 11 15 19 21 25 29 31).	 (35)
(1 7 9 11 15 19 21 25 29 31).	 (59)
(3 7 9 11 15 19 21 25 29 31).	 (43)
(1 5 9 13 15 19 21 25 29 31).	 (51)
(3 5 9 13 15 19 21 25 29 31).	 (35)
(1 7 9 13 15 19 21 25 29 31).	 (59)
(3 7 9 13 15 19 21 25 29 31).	 (43)
(1 5 11 13 15 19 21 25 29 31).	 (51)
(3 5 11 13 15 19 21 25 29 31).	 (35)
(1 7 11 13 15 19 21 25 29 31).	 (59)
(3 7 11 13 15 19 21 25 29 31).	 (43)
(1 9 11 13 15 19 21 25 29 31).	 (59 51)
(3 9 11 13 15 19 21 25 29 31).	 (43 35)
(5 9 11 13 15 19 21 25 29 31).	 (51 35)
(7 9 11 13 15 19 21 25 29 31).	 (59 43)
(1 3 5 7 9 13 23 25 29 31).	 (18 16)
(1 3 5 7 11 13 23 25 29 31).	 (2 0)
(1 3 5 7 9 15 23 25 29 31).	 (26 24)
(1 3 5 7 11 15 23 25 29 31).	 (10 8)
(1 5 9 11 13 15 23 25 29 31).	 (50 48)
(3 5 9 11 13 15 23 25 29 31).	 (34 32)
(1 7 9 11 13 15 23 25 29 31).	 (58 56)
(3 7 9 11 13 15 23 25 29 31).	 (42 40)
(1 3 5 7 9 17 23 25 29 31).	 (24 16)
(1 3 5 7 11 17 23 25 29 31).	 (8 0)
(1 3 5 7 13 17 23 25 29 31).	 (16 0)
(1 3 5 9 13 17 23 25 29 31).	 (16)
(1 3 7 9 13 17 23 25 29 31).	 (16)
(1 5 7 9 13 17 23 25 29 31).	 (16)
(3 5 7 9 13 17 23 25 29 31).	 (16)
(1 3 5 11 13 17 23 25 29 31).	 (0)
(1 3 7 11 13 17 23 25 29 31).	 (0)
(1 5 7 11 13 17 23 25 29 31).	 (0)
(3 5 7 11 13 17 23 25 29 31).	 (0)
(1 5 9 11 13 17 23 25 29 31).	 (48)
(3 5 9 11 13 17 23 25 29 31).	 (32)
(1 7 9 11 13 17 23 25 29 31).	 (56)
(3 7 9 11 13 17 23 25 29 31).	 (40)
(1 3 5 7 15 17 23 25 29 31).	 (24 8)
(1 3 5 9 15 17 23 25 29 31).	 (24)
(1 3 7 9 15 17 23 25 29 31).	 (24)
(1 5 7 9 15 17 23 25 29 31).	 (24)
(3 5 7 9 15 17 23 25 29 31).	 (24)
(1 3 5 11 15 17 23 25 29 31).	 (8)
(1 3 7 11 15 17 23 25 29 31).	 (8)
(1 5 7 11 15 17 23 25 29 31).	 (8)
(3 5 7 11 15 17 23 25 29 31).	 (8)
(1 5 9 11 15 17 23 25 29 31).	 (48)
(3 5 9 11 15 17 23 25 29 31).	 (32)
(1 7 9 11 15 17 23 25 29 31).	 (56)
(3 7 9 11 15 17 23 25 29 31).	 (40)
(1 5 9 13 15 17 23 25 29 31).	 (48)
(3 5 9 13 15 17 23 25 29 31).	 (32)
(1 7 9 13 15 17 23 25 29 31).	 (56)
(3 7 9 13 15 17 23 25 29 31).	 (40)
(1 5 11 13 15 17 23 25 29 31).	 (48)
(3 5 11 13 15 17 23 25 29 31).	 (32)
(1 7 11 13 15 17 23 25 29 31).	 (56)
(3 7 11 13 15 17 23 25 29 31).	 (40)
(1 9 11 13 15 17 23 25 29 31).	 (56 48)
(3 9 11 13 15 17 23 25 29 31).	 (40 32)
(5 9 11 13 15 17 23 25 29 31).	 (48 32)
(7 9 11 13 15 17 23 25 29 31).	 (56 40)
(1 3 5 7 9 19 23 25 29 31).	 (26 18)
(1 3 5 7 11 19 23 25 29 31).	 (10 2)
(1 3 5 7 13 19 23 25 29 31).	 (18 2)
(1 3 5 9 13 19 23 25 29 31).	 (18)
(1 3 7 9 13 19 23 25 29 31).	 (18)
(1 5 7 9 13 19 23 25 29 31).	 (18)
(3 5 7 9 13 19 23 25 29 31).	 (18)
(1 3 5 11 13 19 23 25 29 31).	 (2)
(1 3 7 11 13 19 23 25 29 31).	 (2)
(1 5 7 11 13 19 23 25 29 31).	 (2)
(3 5 7 11 13 19 23 25 29 31).	 (2)
(1 5 9 11 13 19 23 25 29 31).	 (50)
(3 5 9 11 13 19 23 25 29 31).	 (34)
(1 7 9 11 13 19 23 25 29 31).	 (58)
(3 7 9 11 13 19 23 25 29 31).	 (42)
(1 3 5 7 15 19 23 25 29 31).	 (26 10)
(1 3 5 9 15 19 23 25 29 31).	 (26)
(1 3 7 9 15 19 23 25 29 31).	 (26)
(1 5 7 9 15 19 23 25 29 31).	 (26)
(3 5 7 9 15 19 23 25 29 31).	 (26)
(1 3 5 11 15 19 23 25 29 31).	 (10)
(1 3 7 11 15 19 23 25 29 31).	 (10)
(1 5 7 11 15 19 23 25 29 31).	 (10)
(3 5 7 11 15 19 23 25 29 31).	 (10)
(1 5 9 11 15 19 23 25 29 31).	 (50)
(3 5 9 11 15 19 23 25 29 31).	 (34)
(1 7 9 11 15 19 23 25 29 31).	 (58)
(3 7 9 11 15 19 23 25 29 31).	 (42)
(1 5 9 13 15 19 23 25 29 31).	 (50)
(3 5 9 13 15 19 23 25 29 31).	 (34)
(1 7 9 13 15 19 23 25 29 31).	 (58)
(3 7 9 13 15 19 23 25 29 31).	 (42)
(1 5 11 13 15 19 23 25 29 31).	 (50)
(3 5 11 13 15 19 23 25 29 31).	 (34)
(1 7 11 13 15 19 23 25 29 31).	 (58)
(3 7 11 13 15 19 23 25 29 31).	 (42)
(1 9 11 13 15 19 23 25 29 31).	 (58 50)
(3 9 11 13 15 19 23 25 29 31).	 (42 34)
(5 9 11 13 15 19 23 25 29 31).	 (50 34)
(7 9 11 13 15 19 23 25 29 31).	 (58 42)
(1 3 5 7 9 13 17 27 29 31).	 (17 16)
(1 3 5 7 11 13 17 27 29 31).	 (1 0)
(1 3 5 7 9 15 17 27 29 31).	 (25 24)
(1 3 5 7 11 15 17 27 29 31).	 (9 8)
(1 5 9 11 13 15 17 27 29 31).	 (49 48)
(3 5 9 11 13 15 17 27 29 31).	 (33 32)
(1 7 9 11 13 15 17 27 29 31).	 (57 56)
(3 7 9 11 13 15 17 27 29 31).	 (41 40)
(1 3 5 7 9 13 19 27 29 31).	 (19 18)
(1 3 5 7 11 13 19 27 29 31).	 (3 2)
(1 3 5 7 9 15 19 27 29 31).	 (27 26)
(1 3 5 7 11 15 19 27 29 31).	 (11 10)
(1 5 9 11 13 15 19 27 29 31).	 (51 50)
(3 5 9 11 13 15 19 27 29 31).	 (35 34)
(1 7 9 11 13 15 19 27 29 31).	 (59 58)
(3 7 9 11 13 15 19 27 29 31).	 (43 42)
(1 3 5 7 9 13 21 27 29 31).	 (19 17)
(1 3 5 7 11 13 21 27 29 31).	 (3 1)
(1 3 5 7 9 15 21 27 29 31).	 (27 25)
(1 3 5 7 11 15 21 27 29 31).	 (11 9)
(1 5 9 11 13 15 21 27 29 31).	 (51 49)
(3 5 9 11 13 15 21 27 29 31).	 (35 33)
(1 7 9 11 13 15 21 27 29 31).	 (59 57)
(3 7 9 11 13 15 21 27 29 31).	 (43 41)
(1 3 5 7 9 17 21 27 29 31).	 (25 17)
(1 3 5 7 11 17 21 27 29 31).	 (9 1)
(1 3 5 7 13 17 21 27 29 31).	 (17 1)
(1 3 5 9 13 17 21 27 29 31).	 (17)
(1 3 7 9 13 17 21 27 29 31).	 (17)
(1 5 7 9 13 17 21 27 29 31).	 (17)
(3 5 7 9 13 17 21 27 29 31).	 (17)
(1 3 5 11 13 17 21 27 29 31).	 (1)
(1 3 7 11 13 17 21 27 29 31).	 (1)
(1 5 7 11 13 17 21 27 29 31).	 (1)
(3 5 7 11 13 17 21 27 29 31).	 (1)
(1 5 9 11 13 17 21 27 29 31).	 (49)
(3 5 9 11 13 17 21 27 29 31).	 (33)
(1 7 9 11 13 17 21 27 29 31).	 (57)
(3 7 9 11 13 17 21 27 29 31).	 (41)
(1 3 5 7 15 17 21 27 29 31).	 (25 9)
(1 3 5 9 15 17 21 27 29 31).	 (25)
(1 3 7 9 15 17 21 27 29 31).	 (25)
(1 5 7 9 15 17 21 27 29 31).	 (25)
(3 5 7 9 15 17 21 27 29 31).	 (25)
(1 3 5 11 15 17 21 27 29 31).	 (9)
(1 3 7 11 15 17 21 27 29 31).	 (9)
(1 5 7 11 15 17 21 27 29 31).	 (9)
(3 5 7 11 15 17 21 27 29 31).	 (9)
(1 5 9 11 15 17 21 27 29 31).	 (49)
(3 5 9 11 15 17 21 27 29 31).	 (33)
(1 7 9 11 15 17 21 27 29 31).	 (57)
(3 7 9 11 15 17 21 27 29 31).	 (41)
(1 5 9 13 15 17 21 27 29 31).	 (49)
(3 5 9 13 15 17 21 27 29 31).	 (33)
(1 7 9 13 15 17 21 27 29 31).	 (57)
(3 7 9 13 15 17 21 27 29 31).	 (41)
(1 5 11 13 15 17 21 27 29 31).	 (49)
(3 5 11 13 15 17 21 27 29 31).	 (33)
(1 7 11 13 15 17 21 27 29 31).	 (57)
(3 7 11 13 15 17 21 27 29 31).	 (41)
(1 9 11 13 15 17 21 27 29 31).	 (57 49)
(3 9 11 13 15 17 21 27 29 31).	 (41 33)
(5 9 11 13 15 17 21 27 29 31).	 (49 33)
(7 9 11 13 15 17 21 27 29 31).	 (57 41)
(1 3 5 7 9 19 21 27 29 31).	 (27 19)
(1 3 5 7 11 19 21 27 29 31).	 (11 3)
(1 3 5 7 13 19 21 27 29 31).	 (19 3)
(1 3 5 9 13 19 21 27 29 31).	 (19)
(1 3 7 9 13 19 21 27 29 31).	 (19)
(1 5 7 9 13 19 21 27 29 31).	 (19)
(3 5 7 9 13 19 21 27 29 31).	 (19)
(1 3 5 11 13 19 21 27 29 31).	 (3)
(1 3 7 11 13 19 21 27 29 31).	 (3)
(1 5 7 11 13 19 21 27 29 31).	 (3)
(3 5 7 11 13 19 21 27 29 31).	 (3)
(1 5 9 11 13 19 21 27 29 31).	 (51)
(3 5 9 11 13 19 21 27 29 31).	 (35)
(1 7 9 11 13 19 21 27 29 31).	 (59)
(3 7 9 11 13 19 21 27 29 31).	 (43)
(1 3 5 7 15 19 21 27 29 31).	 (27 11)
(1 3 5 9 15 19 21 27 29 31).	 (27)
(1 3 7 9 15 19 21 27 29 31).	 (27)
(1 5 7 9 15 19 21 27 29 31).	 (27)
(3 5 7 9 15 19 21 27 29 31).	 (27)
(1 3 5 11 15 19 21 27 29 31).	 (11)
(1 3 7 11 15 19 21 27 29 31).	 (11)
(1 5 7 11 15 19 21 27 29 31).	 (11)
(3 5 7 11 15 19 21 27 29 31).	 (11)
(1 5 9 11 15 19 21 27 29 31).	 (51)
(3 5 9 11 15 19 21 27 29 31).	 (35)
(1 7 9 11 15 19 21 27 29 31).	 (59)
(3 7 9 11 15 19 21 27 29 31).	 (43)
(1 5 9 13 15 19 21 27 29 31).	 (51)
(3 5 9 13 15 19 21 27 29 31).	 (35)
(1 7 9 13 15 19 21 27 29 31).	 (59)
(3 7 9 13 15 19 21 27 29 31).	 (43)
(1 5 11 13 15 19 21 27 29 31).	 (51)
(3 5 11 13 15 19 21 27 29 31).	 (35)
(1 7 11 13 15 19 21 27 29 31).	 (59)
(3 7 11 13 15 19 21 27 29 31).	 (43)
(1 9 11 13 15 19 21 27 29 31).	 (59 51)
(3 9 11 13 15 19 21 27 29 31).	 (43 35)
(5 9 11 13 15 19 21 27 29 31).	 (51 35)
(7 9 11 13 15 19 21 27 29 31).	 (59 43)
(1 3 5 7 9 13 23 27 29 31).	 (18 16)
(1 3 5 7 11 13 23 27 29 31).	 (2 0)
(1 3 5 7 9 15 23 27 29 31).	 (26 24)
(1 3 5 7 11 15 23 27 29 31).	 (10 8)
(1 5 9 11 13 15 23 27 29 31).	 (50 48)
(3 5 9 11 13 15 23 27 29 31).	 (34 32)
(1 7 9 11 13 15 23 27 29 31).	 (58 56)
(3 7 9 11 13 15 23 27 29 31).	 (42 40)
(1 3 5 7 9 17 23 27 29 31).	 (24 16)
(1 3 5 7 11 17 23 27 29 31).	 (8 0)
(1 3 5 7 13 17 23 27 29 31).	 (16 0)
(1 3 5 9 13 17 23 27 29 31).	 (16)
(1 3 7 9 13 17 23 27 29 31).	 (16)
(1 5 7 9 13 17 23 27 29 31).	 (16)
(3 5 7 9 13 17 23 27 29 31).	 (16)
(1 3 5 11 13 17 23 27 29 31).	 (0)
(1 3 7 11 13 17 23 27 29 31).	 (0)
(1 5 7 11 13 17 23 27 29 31).	 (0)
(3 5 7 11 13 17 23 27 29 31).	 (0)
(1 5 9 11 13 17 23 27 29 31).	 (48)
(3 5 9 11 13 17 23 27 29 31).	 (32)
(1 7 9 11 13 17 23 27 29 31).	 (56)
(3 7 9 11 13 17 23 27 29 31).	 (40)
(1 3 5 7 15 17 23 27 29 31).	 (24 8)
(1 3 5 9 15 17 23 27 29 31).	 (24)
(1 3 7 9 15 17 23 27 29 31).	 (24)
(1 5 7 9 15 17 23 27 29 31).	 (24)
(3 5 7 9 15 17 23 27 29 31).	 (24)
(1 3 5 11 15 17 23 27 29 31).	 (8)
(1 3 7 11 15 17 23 27 29 31).	 (8)
(1 5 7 11 15 17 23 27 29 31).	 (8)
(3 5 7 11 15 17 23 27 29 31).	 (8)
(1 5 9 11 15 17 23 27 29 31).	 (48)
(3 5 9 11 15 17 23 27 29 31).	 (32)
(1 7 9 11 15 17 23 27 29 31).	 (56)
(3 7 9 11 15 17 23 27 29 31).	 (40)
(1 5 9 13 15 17 23 27 29 31).	 (48)
(3 5 9 13 15 17 23 27 29 31).	 (32)
(1 7 9 13 15 17 23 27 29 31).	 (56)
(3 7 9 13 15 17 23 27 29 31).	 (40)
(1 5 11 13 15 17 23 27 29 31).	 (48)
(3 5 11 13 15 17 23 27 29 31).	 (32)
(1 7 11 13 15 17 23 27 29 31).	 (56)
(3 7 11 13 15 17 23 27 29 31).	 (40)
(1 9 11 13 15 17 23 27 29 31).	 (56 48)
(3 9 11 13 15 17 23 27 29 31).	 (40 32)
(5 9 11 13 15 17 23 27 29 31).	 (48 32)
(7 9 11 13 15 17 23 27 29 31).	 (56 40)
(1 3 5 7 9 19 23 27 29 31).	 (26 18)
(1 3 5 7 11 19 23 27 29 31).	 (10 2)
(1 3 5 7 13 19 23 27 29 31).	 (18 2)
(1 3 5 9 13 19 23 27 29 31).	 (18)
(1 3 7 9 13 19 23 27 29 31).	 (18)
(1 5 7 9 13 19 23 27 29 31).	 (18)
(3 5 7 9 13 19 23 27 29 31).	 (18)
(1 3 5 11 13 19 23 27 29 31).	 (2)
(1 3 7 11 13 19 23 27 29 31).	 (2)
(1 5 7 11 13 19 23 27 29 31).	 (2)
(3 5 7 11 13 19 23 27 29 31).	 (2)
(1 5 9 11 13 19 23 27 29 31).	 (50)
(3 5 9 11 13 19 23 27 29 31).	 (34)
(1 7 9 11 13 19 23 27 29 31).	 (58)
(3 7 9 11 13 19 23 27 29 31).	 (42)
(1 3 5 7 15 19 23 27 29 31).	 (26 10)
(1 3 5 9 15 19 23 27 29 31).	 (26)
(1 3 7 9 15 19 23 27 29 31).	 (26)
(1 5 7 9 15 19 23 27 29 31).	 (26)
(3 5 7 9 15 19 23 27 29 31).	 (26)
(1 3 5 11 15 19 23 27 29 31).	 (10)
(1 3 7 11 15 19 23 27 29 31).	 (10)
(1 5 7 11 15 19 23 27 29 31).	 (10)
(3 5 7 11 15 19 23 27 29 31).	 (10)
(1 5 9 11 15 19 23 27 29 31).	 (50)
(3 5 9 11 15 19 23 27 29 31).	 (34)
(1 7 9 11 15 19 23 27 29 31).	 (58)
(3 7 9 11 15 19 23 27 29 31).	 (42)
(1 5 9 13 15 19 23 27 29 31).	 (50)
(3 5 9 13 15 19 23 27 29 31).	 (34)
(1 7 9 13 15 19 23 27 29 31).	 (58)
(3 7 9 13 15 19 23 27 29 31).	 (42)
(1 5 11 13 15 19 23 27 29 31).	 (50)
(3 5 11 13 15 19 23 27 29 31).	 (34)
(1 7 11 13 15 19 23 27 29 31).	 (58)
(3 7 11 13 15 19 23 27 29 31).	 (42)
(1 9 11 13 15 19 23 27 29 31).	 (58 50)
(3 9 11 13 15 19 23 27 29 31).	 (42 34)
(5 9 11 13 15 19 23 27 29 31).	 (50 34)
(7 9 11 13 15 19 23 27 29 31).	 (58 42)
(1 3 5 7 9 13 25 27 29 31).	 (19 18 17 16)
(1 3 5 7 11 13 25 27 29 31).	 (3 2 1 0)
(1 3 5 7 9 15 25 27 29 31).	 (27 26 25 24)
(1 3 5 7 11 15 25 27 29 31).	 (11 10 9 8)
(1 5 9 11 13 15 25 27 29 31).	 (51 50 49 48)
(3 5 9 11 13 15 25 27 29 31).	 (35 34 33 32)
(1 7 9 11 13 15 25 27 29 31).	 (59 58 57 56)
(3 7 9 11 13 15 25 27 29 31).	 (43 42 41 40)
(1 3 5 7 9 17 25 27 29 31).	 (25 24 17 16)
(1 3 5 7 11 17 25 27 29 31).	 (9 8 1 0)
(1 3 5 7 13 17 25 27 29 31).	 (17 16 1 0)
(1 3 5 9 13 17 25 27 29 31).	 (17 16)
(1 3 7 9 13 17 25 27 29 31).	 (17 16)
(1 5 7 9 13 17 25 27 29 31).	 (17 16)
(3 5 7 9 13 17 25 27 29 31).	 (17 16)
(1 3 5 11 13 17 25 27 29 31).	 (1 0)
(1 3 7 11 13 17 25 27 29 31).	 (1 0)
(1 5 7 11 13 17 25 27 29 31).	 (1 0)
(3 5 7 11 13 17 25 27 29 31).	 (1 0)
(1 5 9 11 13 17 25 27 29 31).	 (49 48)
(3 5 9 11 13 17 25 27 29 31).	 (33 32)
(1 7 9 11 13 17 25 27 29 31).	 (57 56)
(3 7 9 11 13 17 25 27 29 31).	 (41 40)
(1 3 5 7 15 17 25 27 29 31).	 (25 24 9 8)
(1 3 5 9 15 17 25 27 29 31).	 (25 24)
(1 3 7 9 15 17 25 27 29 31).	 (25 24)
(1 5 7 9 15 17 25 27 29 31).	 (25 24)
(3 5 7 9 15 17 25 27 29 31).	 (25 24)
(1 3 5 11 15 17 25 27 29 31).	 (9 8)
(1 3 7 11 15 17 25 27 29 31).	 (9 8)
(1 5 7 11 15 17 25 27 29 31).	 (9 8)
(3 5 7 11 15 17 25 27 29 31).	 (9 8)
(1 5 9 11 15 17 25 27 29 31).	 (49 48)
(3 5 9 11 15 17 25 27 29 31).	 (33 32)
(1 7 9 11 15 17 25 27 29 31).	 (57 56)
(3 7 9 11 15 17 25 27 29 31).	 (41 40)
(1 5 9 13 15 17 25 27 29 31).	 (49 48)
(3 5 9 13 15 17 25 27 29 31).	 (33 32)
(1 7 9 13 15 17 25 27 29 31).	 (57 56)
(3 7 9 13 15 17 25 27 29 31).	 (41 40)
(1 5 11 13 15 17 25 27 29 31).	 (49 48)
(3 5 11 13 15 17 25 27 29 31).	 (33 32)
(1 7 11 13 15 17 25 27 29 31).	 (57 56)
(3 7 11 13 15 17 25 27 29 31).	 (41 40)
(1 9 11 13 15 17 25 27 29 31).	 (57 56 49 48)
(3 9 11 13 15 17 25 27 29 31).	 (41 40 33 32)
(5 9 11 13 15 17 25 27 29 31).	 (49 48 33 32)
(7 9 11 13 15 17 25 27 29 31).	 (57 56 41 40)
(1 3 5 7 9 19 25 27 29 31).	 (27 26 19 18)
(1 3 5 7 11 19 25 27 29 31).	 (11 10 3 2)
(1 3 5 7 13 19 25 27 29 31).	 (19 18 3 2)
(1 3 5 9 13 19 25 27 29 31).	 (19 18)
(1 3 7 9 13 19 25 27 29 31).	 (19 18)
(1 5 7 9 13 19 25 27 29 31).	 (19 18)
(3 5 7 9 13 19 25 27 29 31).	 (19 18)
(1 3 5 11 13 19 25 27 29 31).	 (3 2)
(1 3 7 11 13 19 25 27 29 31).	 (3 2)
(1 5 7 11 13 19 25 27 29 31).	 (3 2)
(3 5 7 11 13 19 25 27 29 31).	 (3 2)
(1 5 9 11 13 19 25 27 29 31).	 (51 50)
(3 5 9 11 13 19 25 27 29 31).	 (35 34)
(1 7 9 11 13 19 25 27 29 31).	 (59 58)
(3 7 9 11 13 19 25 27 29 31).	 (43 42)
(1 3 5 7 15 19 25 27 29 31).	 (27 26 11 10)
(1 3 5 9 15 19 25 27 29 31).	 (27 26)
(1 3 7 9 15 19 25 27 29 31).	 (27 26)
(1 5 7 9 15 19 25 27 29 31).	 (27 26)
(3 5 7 9 15 19 25 27 29 31).	 (27 26)
(1 3 5 11 15 19 25 27 29 31).	 (11 10)
(1 3 7 11 15 19 25 27 29 31).	 (11 10)
(1 5 7 11 15 19 25 27 29 31).	 (11 10)
(3 5 7 11 15 19 25 27 29 31).	 (11 10)
(1 5 9 11 15 19 25 27 29 31).	 (51 50)
(3 5 9 11 15 19 25 27 29 31).	 (35 34)
(1 7 9 11 15 19 25 27 29 31).	 (59 58)
(3 7 9 11 15 19 25 27 29 31).	 (43 42)
(1 5 9 13 15 19 25 27 29 31).	 (51 50)
(3 5 9 13 15 19 25 27 29 31).	 (35 34)
(1 7 9 13 15 19 25 27 29 31).	 (59 58)
(3 7 9 13 15 19 25 27 29 31).	 (43 42)
(1 5 11 13 15 19 25 27 29 31).	 (51 50)
(3 5 11 13 15 19 25 27 29 31).	 (35 34)
(1 7 11 13 15 19 25 27 29 31).	 (59 58)
(3 7 11 13 15 19 25 27 29 31).	 (43 42)
(1 9 11 13 15 19 25 27 29 31).	 (59 58 51 50)
(3 9 11 13 15 19 25 27 29 31).	 (43 42 35 34)
(5 9 11 13 15 19 25 27 29 31).	 (51 50 35 34)
(7 9 11 13 15 19 25 27 29 31).	 (59 58 43 42)
(1 3 5 7 9 21 25 27 29 31).	 (27 25 19 17)
(1 3 5 7 11 21 25 27 29 31).	 (11 9 3 1)
(1 3 5 7 13 21 25 27 29 31).	 (19 17 3 1)
(1 3 5 9 13 21 25 27 29 31).	 (19 17)
(1 3 7 9 13 21 25 27 29 31).	 (19 17)
(1 5 7 9 13 21 25 27 29 31).	 (19 17)
(3 5 7 9 13 21 25 27 29 31).	 (19 17)
(1 3 5 11 13 21 25 27 29 31).	 (3 1)
(1 3 7 11 13 21 25 27 29 31).	 (3 1)
(1 5 7 11 13 21 25 27 29 31).	 (3 1)
(3 5 7 11 13 21 25 27 29 31).	 (3 1)
(1 5 9 11 13 21 25 27 29 31).	 (51 49)
(3 5 9 11 13 21 25 27 29 31).	 (35 33)
(1 7 9 11 13 21 25 27 29 31).	 (59 57)
(3 7 9 11 13 21 25 27 29 31).	 (43 41)
(1 3 5 7 15 21 25 27 29 31).	 (27 25 11 9)
(1 3 5 9 15 21 25 27 29 31).	 (27 25)
(1 3 7 9 15 21 25 27 29 31).	 (27 25)
(1 5 7 9 15 21 25 27 29 31).	 (27 25)
(3 5 7 9 15 21 25 27 29 31).	 (27 25)
(1 3 5 11 15 21 25 27 29 31).	 (11 9)
(1 3 7 11 15 21 25 27 29 31).	 (11 9)
(1 5 7 11 15 21 25 27 29 31).	 (11 9)
(3 5 7 11 15 21 25 27 29 31).	 (11 9)
(1 5 9 11 15 21 25 27 29 31).	 (51 49)
(3 5 9 11 15 21 25 27 29 31).	 (35 33)
(1 7 9 11 15 21 25 27 29 31).	 (59 57)
(3 7 9 11 15 21 25 27 29 31).	 (43 41)
(1 5 9 13 15 21 25 27 29 31).	 (51 49)
(3 5 9 13 15 21 25 27 29 31).	 (35 33)
(1 7 9 13 15 21 25 27 29 31).	 (59 57)
(3 7 9 13 15 21 25 27 29 31).	 (43 41)
(1 5 11 13 15 21 25 27 29 31).	 (51 49)
(3 5 11 13 15 21 25 27 29 31).	 (35 33)
(1 7 11 13 15 21 25 27 29 31).	 (59 57)
(3 7 11 13 15 21 25 27 29 31).	 (43 41)
(1 9 11 13 15 21 25 27 29 31).	 (59 57 51 49)
(3 9 11 13 15 21 25 27 29 31).	 (43 41 35 33)
(5 9 11 13 15 21 25 27 29 31).	 (51 49 35 33)
(7 9 11 13 15 21 25 27 29 31).	 (59 57 43 41)
(1 3 5 7 17 21 25 27 29 31).	 (25 17 9 1)
(1 3 5 9 17 21 25 27 29 31).	 (25 17)
(1 3 7 9 17 21 25 27 29 31).	 (25 17)
(1 5 7 9 17 21 25 27 29 31).	 (25 17)
(3 5 7 9 17 21 25 27 29 31).	 (25 17)
(1 3 5 11 17 21 25 27 29 31).	 (9 1)
(1 3 7 11 17 21 25 27 29 31).	 (9 1)
(1 5 7 11 17 21 25 27 29 31).	 (9 1)
(3 5 7 11 17 21 25 27 29 31).	 (9 1)
(1 5 9 11 17 21 25 27 29 31).	 (49)
(3 5 9 11 17 21 25 27 29 31).	 (33)
(1 7 9 11 17 21 25 27 29 31).	 (57)
(3 7 9 11 17 21 25 27 29 31).	 (41)
(1 3 5 13 17 21 25 27 29 31).	 (17 1)
(1 3 7 13 17 21 25 27 29 31).	 (17 1)
(1 5 7 13 17 21 25 27 29 31).	 (17 1)
(3 5 7 13 17 21 25 27 29 31).	 (17 1)
(1 3 9 13 17 21 25 27 29 31).	 (17)
(1 5 9 13 17 21 25 27 29 31).	 (49 17)
(3 5 9 13 17 21 25 27 29 31).	 (33 17)
(1 7 9 13 17 21 25 27 29 31).	 (57 17)
(3 7 9 13 17 21 25 27 29 31).	 (41 17)
(5 7 9 13 17 21 25 27 29 31).	 (17)
(1 3 11 13 17 21 25 27 29 31).	 (1)
(1 5 11 13 17 21 25 27 29 31).	 (49 1)
(3 5 11 13 17 21 25 27 29 31).	 (33 1)
(1 7 11 13 17 21 25 27 29 31).	 (57 1)
(3 7 11 13 17 21 25 27 29 31).	 (41 1)
(5 7 11 13 17 21 25 27 29 31).	 (1)
(1 9 11 13 17 21 25 27 29 31).	 (57 49)
(3 9 11 13 17 21 25 27 29 31).	 (41 33)
(5 9 11 13 17 21 25 27 29 31).	 (49 33)
(7 9 11 13 17 21 25 27 29 31).	 (57 41)
(1 3 5 15 17 21 25 27 29 31).	 (25 9)
(1 3 7 15 17 21 25 27 29 31).	 (25 9)
(1 5 7 15 17 21 25 27 29 31).	 (25 9)
(3 5 7 15 17 21 25 27 29 31).	 (25 9)
(1 3 9 15 17 21 25 27 29 31).	 (25)
(1 5 9 15 17 21 25 27 29 31).	 (49 25)
(3 5 9 15 17 21 25 27 29 31).	 (33 25)
(1 7 9 15 17 21 25 27 29 31).	 (57 25)
(3 7 9 15 17 21 25 27 29 31).	 (41 25)
(5 7 9 15 17 21 25 27 29 31).	 (25)
(1 3 11 15 17 21 25 27 29 31).	 (9)
(1 5 11 15 17 21 25 27 29 31).	 (49 9)
(3 5 11 15 17 21 25 27 29 31).	 (33 9)
(1 7 11 15 17 21 25 27 29 31).	 (57 9)
(3 7 11 15 17 21 25 27 29 31).	 (41 9)
(5 7 11 15 17 21 25 27 29 31).	 (9)
(1 9 11 15 17 21 25 27 29 31).	 (57 49)
(3 9 11 15 17 21 25 27 29 31).	 (41 33)
(5 9 11 15 17 21 25 27 29 31).	 (49 33)
(7 9 11 15 17 21 25 27 29 31).	 (57 41)
(1 5 13 15 17 21 25 27 29 31).	 (49)
(3 5 13 15 17 21 25 27 29 31).	 (33)
(1 7 13 15 17 21 25 27 29 31).	 (57)
(3 7 13 15 17 21 25 27 29 31).	 (41)
(1 9 13 15 17 21 25 27 29 31).	 (57 49)
(3 9 13 15 17 21 25 27 29 31).	 (41 33)
(5 9 13 15 17 21 25 27 29 31).	 (49 33)
(7 9 13 15 17 21 25 27 29 31).	 (57 41)
(1 11 13 15 17 21 25 27 29 31).	 (57 49)
(3 11 13 15 17 21 25 27 29 31).	 (41 33)
(5 11 13 15 17 21 25 27 29 31).	 (49 33)
(7 11 13 15 17 21 25 27 29 31).	 (57 41)
(9 11 13 15 17 21 25 27 29 31).	 (57 49 41 33)
(1 3 5 7 19 21 25 27 29 31).	 (27 19 11 3)
(1 3 5 9 19 21 25 27 29 31).	 (27 19)
(1 3 7 9 19 21 25 27 29 31).	 (27 19)
(1 5 7 9 19 21 25 27 29 31).	 (27 19)
(3 5 7 9 19 21 25 27 29 31).	 (27 19)
(1 3 5 11 19 21 25 27 29 31).	 (11 3)
(1 3 7 11 19 21 25 27 29 31).	 (11 3)
(1 5 7 11 19 21 25 27 29 31).	 (11 3)
(3 5 7 11 19 21 25 27 29 31).	 (11 3)
(1 5 9 11 19 21 25 27 29 31).	 (51)
(3 5 9 11 19 21 25 27 29 31).	 (35)
(1 7 9 11 19 21 25 27 29 31).	 (59)
(3 7 9 11 19 21 25 27 29 31).	 (43)
(1 3 5 13 19 21 25 27 29 31).	 (19 3)
(1 3 7 13 19 21 25 27 29 31).	 (19 3)
(1 5 7 13 19 21 25 27 29 31).	 (19 3)
(3 5 7 13 19 21 25 27 29 31).	 (19 3)
(1 3 9 13 19 21 25 27 29 31).	 (19)
(1 5 9 13 19 21 25 27 29 31).	 (51 19)
(3 5 9 13 19 21 25 27 29 31).	 (35 19)
(1 7 9 13 19 21 25 27 29 31).	 (59 19)
(3 7 9 13 19 21 25 27 29 31).	 (43 19)
(5 7 9 13 19 21 25 27 29 31).	 (19)
(1 3 11 13 19 21 25 27 29 31).	 (3)
(1 5 11 13 19 21 25 27 29 31).	 (51 3)
(3 5 11 13 19 21 25 27 29 31).	 (35 3)
(1 7 11 13 19 21 25 27 29 31).	 (59 3)
(3 7 11 13 19 21 25 27 29 31).	 (43 3)
(5 7 11 13 19 21 25 27 29 31).	 (3)
(1 9 11 13 19 21 25 27 29 31).	 (59 51)
(3 9 11 13 19 21 25 27 29 31).	 (43 35)
(5 9 11 13 19 21 25 27 29 31).	 (51 35)
(7 9 11 13 19 21 25 27 29 31).	 (59 43)
(1 3 5 15 19 21 25 27 29 31).	 (27 11)
(1 3 7 15 19 21 25 27 29 31).	 (27 11)
(1 5 7 15 19 21 25 27 29 31).	 (27 11)
(3 5 7 15 19 21 25 27 29 31).	 (27 11)
(1 3 9 15 19 21 25 27 29 31).	 (27)
(1 5 9 15 19 21 25 27 29 31).	 (51 27)
(3 5 9 15 19 21 25 27 29 31).	 (35 27)
(1 7 9 15 19 21 25 27 29 31).	 (59 27)
(3 7 9 15 19 21 25 27 29 31).	 (43 27)
(5 7 9 15 19 21 25 27 29 31).	 (27)
(1 3 11 15 19 21 25 27 29 31).	 (11)
(1 5 11 15 19 21 25 27 29 31).	 (51 11)
(3 5 11 15 19 21 25 27 29 31).	 (35 11)
(1 7 11 15 19 21 25 27 29 31).	 (59 11)
(3 7 11 15 19 21 25 27 29 31).	 (43 11)
(5 7 11 15 19 21 25 27 29 31).	 (11)
(1 9 11 15 19 21 25 27 29 31).	 (59 51)
(3 9 11 15 19 21 25 27 29 31).	 (43 35)
(5 9 11 15 19 21 25 27 29 31).	 (51 35)
(7 9 11 15 19 21 25 27 29 31).	 (59 43)
(1 5 13 15 19 21 25 27 29 31).	 (51)
(3 5 13 15 19 21 25 27 29 31).	 (35)
(1 7 13 15 19 21 25 27 29 31).	 (59)
(3 7 13 15 19 21 25 27 29 31).	 (43)
(1 9 13 15 19 21 25 27 29 31).	 (59 51)
(3 9 13 15 19 21 25 27 29 31).	 (43 35)
(5 9 13 15 19 21 25 27 29 31).	 (51 35)
(7 9 13 15 19 21 25 27 29 31).	 (59 43)
(1 11 13 15 19 21 25 27 29 31).	 (59 51)
(3 11 13 15 19 21 25 27 29 31).	 (43 35)
(5 11 13 15 19 21 25 27 29 31).	 (51 35)
(7 11 13 15 19 21 25 27 29 31).	 (59 43)
(9 11 13 15 19 21 25 27 29 31).	 (59 51 43 35)
(1 3 5 7 9 23 25 27 29 31).	 (26 24 18 16)
(1 3 5 7 11 23 25 27 29 31).	 (10 8 2 0)
(1 3 5 7 13 23 25 27 29 31).	 (18 16 2 0)
(1 3 5 9 13 23 25 27 29 31).	 (18 16)
(1 3 7 9 13 23 25 27 29 31).	 (18 16)
(1 5 7 9 13 23 25 27 29 31).	 (18 16)
(3 5 7 9 13 23 25 27 29 31).	 (18 16)
(1 3 5 11 13 23 25 27 29 31).	 (2 0)
(1 3 7 11 13 23 25 27 29 31).	 (2 0)
(1 5 7 11 13 23 25 27 29 31).	 (2 0)
(3 5 7 11 13 23 25 27 29 31).	 (2 0)
(1 5 9 11 13 23 25 27 29 31).	 (50 48)
(3 5 9 11 13 23 25 27 29 31).	 (34 32)
(1 7 9 11 13 23 25 27 29 31).	 (58 56)
(3 7 9 11 13 23 25 27 29 31).	 (42 40)
(1 3 5 7 15 23 25 27 29 31).	 (26 24 10 8)
(1 3 5 9 15 23 25 27 29 31).	 (26 24)
(1 3 7 9 15 23 25 27 29 31).	 (26 24)
(1 5 7 9 15 23 25 27 29 31).	 (26 24)
(3 5 7 9 15 23 25 27 29 31).	 (26 24)
(1 3 5 11 15 23 25 27 29 31).	 (10 8)
(1 3 7 11 15 23 25 27 29 31).	 (10 8)
(1 5 7 11 15 23 25 27 29 31).	 (10 8)
(3 5 7 11 15 23 25 27 29 31).	 (10 8)
(1 5 9 11 15 23 25 27 29 31).	 (50 48)
(3 5 9 11 15 23 25 27 29 31).	 (34 32)
(1 7 9 11 15 23 25 27 29 31).	 (58 56)
(3 7 9 11 15 23 25 27 29 31).	 (42 40)
(1 5 9 13 15 23 25 27 29 31).	 (50 48)
(3 5 9 13 15 23 25 27 29 31).	 (34 32)
(1 7 9 13 15 23 25 27 29 31).	 (58 56)
(3 7 9 13 15 23 25 27 29 31).	 (42 40)
(1 5 11 13 15 23 25 27 29 31).	 (50 48)
(3 5 11 13 15 23 25 27 29 31).	 (34 32)
(1 7 11 13 15 23 25 27 29 31).	 (58 56)
(3 7 11 13 15 23 25 27 29 31).	 (42 40)
(1 9 11 13 15 23 25 27 29 31).	 (58 56 50 48)
(3 9 11 13 15 23 25 27 29 31).	 (42 40 34 32)
(5 9 11 13 15 23 25 27 29 31).	 (50 48 34 32)
(7 9 11 13 15 23 25 27 29 31).	 (58 56 42 40)
(1 3 5 7 17 23 25 27 29 31).	 (24 16 8 0)
(1 3 5 9 17 23 25 27 29 31).	 (24 16)
(1 3 7 9 17 23 25 27 29 31).	 (24 16)
(1 5 7 9 17 23 25 27 29 31).	 (24 16)
(3 5 7 9 17 23 25 27 29 31).	 (24 16)
(1 3 5 11 17 23 25 27 29 31).	 (8 0)
(1 3 7 11 17 23 25 27 29 31).	 (8 0)
(1 5 7 11 17 23 25 27 29 31).	 (8 0)
(3 5 7 11 17 23 25 27 29 31).	 (8 0)
(1 5 9 11 17 23 25 27 29 31).	 (48)
(3 5 9 11 17 23 25 27 29 31).	 (32)
(1 7 9 11 17 23 25 27 29 31).	 (56)
(3 7 9 11 17 23 25 27 29 31).	 (40)
(1 3 5 13 17 23 25 27 29 31).	 (16 0)
(1 3 7 13 17 23 25 27 29 31).	 (16 0)
(1 5 7 13 17 23 25 27 29 31).	 (16 0)
(3 5 7 13 17 23 25 27 29 31).	 (16 0)
(1 3 9 13 17 23 25 27 29 31).	 (16)
(1 5 9 13 17 23 25 27 29 31).	 (48 16)
(3 5 9 13 17 23 25 27 29 31).	 (32 16)
(1 7 9 13 17 23 25 27 29 31).	 (56 16)
(3 7 9 13 17 23 25 27 29 31).	 (40 16)
(5 7 9 13 17 23 25 27 29 31).	 (16)
(1 3 11 13 17 23 25 27 29 31).	 (0)
(1 5 11 13 17 23 25 27 29 31).	 (48 0)
(3 5 11 13 17 23 25 27 29 31).	 (32 0)
(1 7 11 13 17 23 25 27 29 31).	 (56 0)
(3 7 11 13 17 23 25 27 29 31).	 (40 0)
(5 7 11 13 17 23 25 27 29 31).	 (0)
(1 9 11 13 17 23 25 27 29 31).	 (56 48)
(3 9 11 13 17 23 25 27 29 31).	 (40 32)
(5 9 11 13 17 23 25 27 29 31).	 (48 32)
(7 9 11 13 17 23 25 27 29 31).	 (56 40)
(1 3 5 15 17 23 25 27 29 31).	 (24 8)
(1 3 7 15 17 23 25 27 29 31).	 (24 8)
(1 5 7 15 17 23 25 27 29 31).	 (24 8)
(3 5 7 15 17 23 25 27 29 31).	 (24 8)
(1 3 9 15 17 23 25 27 29 31).	 (24)
(1 5 9 15 17 23 25 27 29 31).	 (48 24)
(3 5 9 15 17 23 25 27 29 31).	 (32 24)
(1 7 9 15 17 23 25 27 29 31).	 (56 24)
(3 7 9 15 17 23 25 27 29 31).	 (40 24)
(5 7 9 15 17 23 25 27 29 31).	 (24)
(1 3 11 15 17 23 25 27 29 31).	 (8)
(1 5 11 15 17 23 25 27 29 31).	 (48 8)
(3 5 11 15 17 23 25 27 29 31).	 (32 8)
(1 7 11 15 17 23 25 27 29 31).	 (56 8)
(3 7 11 15 17 23 25 27 29 31).	 (40 8)
(5 7 11 15 17 23 25 27 29 31).	 (8)
(1 9 11 15 17 23 25 27 29 31).	 (56 48)
(3 9 11 15 17 23 25 27 29 31).	 (40 32)
(5 9 11 15 17 23 25 27 29 31).	 (48 32)
(7 9 11 15 17 23 25 27 29 31).	 (56 40)
(1 5 13 15 17 23 25 27 29 31).	 (48)
(3 5 13 15 17 23 25 27 29 31).	 (32)
(1 7 13 15 17 23 25 27 29 31).	 (56)
(3 7 13 15 17 23 25 27 29 31).	 (40)
(1 9 13 15 17 23 25 27 29 31).	 (56 48)
(3 9 13 15 17 23 25 27 29 31).	 (40 32)
(5 9 13 15 17 23 25 27 29 31).	 (48 32)
(7 9 13 15 17 23 25 27 29 31).	 (56 40)
(1 11 13 15 17 23 25 27 29 31).	 (56 48)
(3 11 13 15 17 23 25 27 29 31).	 (40 32)
(5 11 13 15 17 23 25 27 29 31).	 (48 32)
(7 11 13 15 17 23 25 27 29 31).	 (56 40)
(9 11 13 15 17 23 25 27 29 31).	 (56 48 40 32)
(1 3 5 7 19 23 25 27 29 31).	 (26 18 10 2)
(1 3 5 9 19 23 25 27 29 31).	 (26 18)
(1 3 7 9 19 23 25 27 29 31).	 (26 18)
(1 5 7 9 19 23 25 27 29 31).	 (26 18)
(3 5 7 9 19 23 25 27 29 31).	 (26 18)
(1 3 5 11 19 23 25 27 29 31).	 (10 2)
(1 3 7 11 19 23 25 27 29 31).	 (10 2)
(1 5 7 11 19 23 25 27 29 31).	 (10 2)
(3 5 7 11 19 23 25 27 29 31).	 (10 2)
(1 5 9 11 19 23 25 27 29 31).	 (50)
(3 5 9 11 19 23 25 27 29 31).	 (34)
(1 7 9 11 19 23 25 27 29 31).	 (58)
(3 7 9 11 19 23 25 27 29 31).	 (42)
(1 3 5 13 19 23 25 27 29 31).	 (18 2)
(1 3 7 13 19 23 25 27 29 31).	 (18 2)
(1 5 7 13 19 23 25 27 29 31).	 (18 2)
(3 5 7 13 19 23 25 27 29 31).	 (18 2)
(1 3 9 13 19 23 25 27 29 31).	 (18)
(1 5 9 13 19 23 25 27 29 31).	 (50 18)
(3 5 9 13 19 23 25 27 29 31).	 (34 18)
(1 7 9 13 19 23 25 27 29 31).	 (58 18)
(3 7 9 13 19 23 25 27 29 31).	 (42 18)
(5 7 9 13 19 23 25 27 29 31).	 (18)
(1 3 11 13 19 23 25 27 29 31).	 (2)
(1 5 11 13 19 23 25 27 29 31).	 (50 2)
(3 5 11 13 19 23 25 27 29 31).	 (34 2)
(1 7 11 13 19 23 25 27 29 31).	 (58 2)
(3 7 11 13 19 23 25 27 29 31).	 (42 2)
(5 7 11 13 19 23 25 27 29 31).	 (2)
(1 9 11 13 19 23 25 27 29 31).	 (58 50)
(3 9 11 13 19 23 25 27 29 31).	 (42 34)
(5 9 11 13 19 23 25 27 29 31).	 (50 34)
(7 9 11 13 19 23 25 27 29 31).	 (58 42)
(1 3 5 15 19 23 25 27 29 31).	 (26 10)
(1 3 7 15 19 23 25 27 29 31).	 (26 10)
(1 5 7 15 19 23 25 27 29 31).	 (26 10)
(3 5 7 15 19 23 25 27 29 31).	 (26 10)
(1 3 9 15 19 23 25 27 29 31).	 (26)
(1 5 9 15 19 23 25 27 29 31).	 (50 26)
(3 5 9 15 19 23 25 27 29 31).	 (34 26)
(1 7 9 15 19 23 25 27 29 31).	 (58 26)
(3 7 9 15 19 23 25 27 29 31).	 (42 26)
(5 7 9 15 19 23 25 27 29 31).	 (26)
(1 3 11 15 19 23 25 27 29 31).	 (10)
(1 5 11 15 19 23 25 27 29 31).	 (50 10)
(3 5 11 15 19 23 25 27 29 31).	 (34 10)
(1 7 11 15 19 23 25 27 29 31).	 (58 10)
(3 7 11 15 19 23 25 27 29 31).	 (42 10)
(5 7 11 15 19 23 25 27 29 31).	 (10)
(1 9 11 15 19 23 25 27 29 31).	 (58 50)
(3 9 11 15 19 23 25 27 29 31).	 (42 34)
(5 9 11 15 19 23 25 27 29 31).	 (50 34)
(7 9 11 15 19 23 25 27 29 31).	 (58 42)
(1 5 13 15 19 23 25 27 29 31).	 (50)
(3 5 13 15 19 23 25 27 29 31).	 (34)
(1 7 13 15 19 23 25 27 29 31).	 (58)
(3 7 13 15 19 23 25 27 29 31).	 (42)
(1 9 13 15 19 23 25 27 29 31).	 (58 50)
(3 9 13 15 19 23 25 27 29 31).	 (42 34)
(5 9 13 15 19 23 25 27 29 31).	 (50 34)
(7 9 13 15 19 23 25 27 29 31).	 (58 42)
(1 11 13 15 19 23 25 27 29 31).	 (58 50)
(3 11 13 15 19 23 25 27 29 31).	 (42 34)
(5 11 13 15 19 23 25 27 29 31).	 (50 34)
(7 11 13 15 19 23 25 27 29 31).	 (58 42)
(9 11 13 15 19 23 25 27 29 31).	 (58 50 42 34)
